# This file has automatically been generated
# biogeme 2.4 [Jeu 28 aoû 2014 16:02:53 CEST]
# <a href='http://people.epfl.ch/michel.bierlaire'>Michel Bierlaire</a>, <a href='http://transp-or.epfl.ch'>Transport and Mobility Laboratory</a>, <a href='http://www.epfl.ch'>Ecole Polytechnique F&eacute;d&eacute;rale de Lausanne (EPFL)</a>
# Sat Sep  5 20:36:05 2015</p>
#
ASC_KLE = Beta('ASC_KLE',-4.9048,-100,100,0,'ASC_KLE' )

BETA_DISTANCE_LUNCH_CAF = Beta('BETA_DISTANCE_LUNCH_CAF',-0.00405912,-100,100,0,'BETA_DISTANCE_LUNCH_CAF' )

ALPHA_FIRST_LUNCH_CHOICE = Beta('ALPHA_FIRST_LUNCH_CHOICE',1.19097,-100,100,0,'ALPHA_FIRST_LUNCH_CHOICE' )

ALPHA_FIRST_MORNING_CHOICE = Beta('ALPHA_FIRST_MORNING_CHOICE',1.79867,-100,100,0,'ALPHA_FIRST_MORNING_CHOICE' )

ALPHA_MOST_CHOSEN_LUNCH = Beta('ALPHA_MOST_CHOSEN_LUNCH',0,-100,100,1,'ALPHA_MOST_CHOSEN_LUNCH' )

ALPHA_MOST_CHOSEN_MORNING = Beta('ALPHA_MOST_CHOSEN_MORNING',0,-100,100,1,'ALPHA_MOST_CHOSEN_MORNING' )

RHO_PREVIOUS_MORNING_CHOICE = Beta('RHO_PREVIOUS_MORNING_CHOICE',0.590535,-100,100,0,'RHO_PREVIOUS_MORNING_CHOICE' )

RHO_PREVIOUS_LUNCH_CHOICE = Beta('RHO_PREVIOUS_LUNCH_CHOICE',0.643859,-100,100,0,'RHO_PREVIOUS_LUNCH_CHOICE' )

BETA_DISTANCE_MORNING = Beta('BETA_DISTANCE_MORNING',-0.00405336,-100,100,0,'BETA_DISTANCE_MORNING' )

BETA_TAP_BEER_AFTER_LUNCH = Beta('BETA_TAP_BEER_AFTER_LUNCH',1.04709,-100,100,0,'BETA_TAP_BEER_AFTER_LUNCH' )

BETA_DISTANCE_AFTERNOON = Beta('BETA_DISTANCE_AFTERNOON',-0.00101402,-100,100,0,'BETA_DISTANCE_AFTERNOON' )

BETA_EVALUATION_CAFET = Beta('BETA_EVALUATION_CAFET',1.92034,-100,100,0,'BETA_EVALUATION_CAFET' )

BETA_NO_DISTANCE_AV = Beta('BETA_NO_DISTANCE_AV',-3.81704,-100,100,0,'BETA_NO_DISTANCE_AV' )

BETA_DINNER = Beta('BETA_DINNER',0.997407,-100,100,0,'BETA_DINNER' )

BETA_PRICE_STUDENT = Beta('BETA_PRICE_STUDENT',-0.470726,-100,100,0,'BETA_PRICE_STUDENT' )

BETA_PRICE_EMPLOYEE = Beta('BETA_PRICE_EMPLOYEE',-0.352022,-100,100,0,'BETA_PRICE_EMPLOYEE' )

BETA_METEO_TERRACE = Beta('BETA_METEO_TERRACE',0,-100,100,1,'BETA_METEO_TERRACE' )

BETA_CAPACITY_INSIDE = Beta('BETA_CAPACITY_INSIDE',0.0103988,-100,100,0,'BETA_CAPACITY_INSIDE' )

SIGMA_LUNCH_KLE = Beta('SIGMA_LUNCH_KLE',-2.59047,-100,100,0,'SIGMA_LUNCH_KLE' )

SIGMA_MORNING_KLE = Beta('SIGMA_MORNING_KLE',-2.54909,-100,100,0,'SIGMA_MORNING_KLE' )

ALPHA_FREQUENCY_LUNCH = Beta('ALPHA_FREQUENCY_LUNCH',0,-100,100,1,'ALPHA_FREQUENCY_LUNCH' )

ALPHA_FREQUENCY_MORNING = Beta('ALPHA_FREQUENCY_MORNING',0,-100,100,1,'ALPHA_FREQUENCY_MORNING' )

ASC_BC = Beta('ASC_BC',-1.08718,-100,100,0,'ASC_BC' )

BETA_DISTANCE_LUNCH_SELF = Beta('BETA_DISTANCE_LUNCH_SELF',-0.00394119,-100,100,0,'BETA_DISTANCE_LUNCH_SELF' )

BETA_EVALUATION_SELF = Beta('BETA_EVALUATION_SELF',2.12216,-100,100,0,'BETA_EVALUATION_SELF' )

SIGMA_LUNCH_BC = Beta('SIGMA_LUNCH_BC',2.05601,-100,100,0,'SIGMA_LUNCH_BC' )

SIGMA_MORNING_BC = Beta('SIGMA_MORNING_BC',1.75657,-100,100,0,'SIGMA_MORNING_BC' )

ASC_BM  = Beta('ASC_BM ',-0.147307,-100,100,0,'ASC_BM ' )

SIGMA_LUNCH_BM = Beta('SIGMA_LUNCH_BM',2.32858,-100,100,0,'SIGMA_LUNCH_BM' )

SIGMA_MORNING_BM = Beta('SIGMA_MORNING_BM',-0.577917,-100,100,0,'SIGMA_MORNING_BM' )

BETA_DISTANCE_LUNCH_OTHER = Beta('BETA_DISTANCE_LUNCH_OTHER',0.000737761,-100,100,0,'BETA_DISTANCE_LUNCH_OTHER' )

ASC_ELA  = Beta('ASC_ELA ',-1.08192,-100,100,0,'ASC_ELA ' )

SIGMA_LUNCH_ELA = Beta('SIGMA_LUNCH_ELA',-1.04874,-100,100,0,'SIGMA_LUNCH_ELA' )

SIGMA_MORNING_ELA = Beta('SIGMA_MORNING_ELA',1.71638,-100,100,0,'SIGMA_MORNING_ELA' )

ASC_INM  = Beta('ASC_INM ',-1.63548,-100,100,0,'ASC_INM ' )

SIGMA_LUNCH_INM  = Beta('SIGMA_LUNCH_INM ',0.882911,-100,100,0,'SIGMA_LUNCH_INM ' )

SIGMA_MORNING_INM  = Beta('SIGMA_MORNING_INM ',-1.00894,-100,100,0,'SIGMA_MORNING_INM ' )

ASC_MX  = Beta('ASC_MX ',-1.89191,-100,100,0,'ASC_MX ' )

SIGMA_LUNCH_MX  = Beta('SIGMA_LUNCH_MX ',-2.06244,-100,100,0,'SIGMA_LUNCH_MX ' )

SIGMA_MORNING_MX  = Beta('SIGMA_MORNING_MX ',-0.0850341,-100,100,0,'SIGMA_MORNING_MX ' )

ASC_PH  = Beta('ASC_PH ',0.298411,-100,100,0,'ASC_PH ' )

SIGMA_LUNCH_PH  = Beta('SIGMA_LUNCH_PH ',2.62735,-100,100,0,'SIGMA_LUNCH_PH ' )

SIGMA_MORNING_PH  = Beta('SIGMA_MORNING_PH ',0.246413,-100,100,0,'SIGMA_MORNING_PH ' )

ASC_ARC = Beta('ASC_ARC',-1.98305,-100,100,0,'ASC_ARC' )

SIGMA_LUNCH_ARC = Beta('SIGMA_LUNCH_ARC',2.96722,-100,100,0,'SIGMA_LUNCH_ARC' )

SIGMA_MORNING_ARC = Beta('SIGMA_MORNING_ARC',1.40685,-100,100,0,'SIGMA_MORNING_ARC' )

ASC_ATL  = Beta('ASC_ATL ',-1.23375,-100,100,0,'ASC_ATL ' )

SIGMA_LUNCH_ATL  = Beta('SIGMA_LUNCH_ATL ',1.8509,-100,100,0,'SIGMA_LUNCH_ATL ' )

SIGMA_MORNING_ATL  = Beta('SIGMA_MORNING_ATL ',-1.84963,-100,100,0,'SIGMA_MORNING_ATL ' )

ASC_COP = Beta('ASC_COP',2.58686,-100,100,0,'ASC_COP' )

BETA_DISTANCE_LUNCH_REST = Beta('BETA_DISTANCE_LUNCH_REST',-0.000498272,-100,100,0,'BETA_DISTANCE_LUNCH_REST' )

SIGMA_LUNCH_COP = Beta('SIGMA_LUNCH_COP',5.78169,-100,100,0,'SIGMA_LUNCH_COP' )

SIGMA_MORNING_COP = Beta('SIGMA_MORNING_COP',-0.922204,-100,100,0,'SIGMA_MORNING_COP' )

ASC_COR  = Beta('ASC_COR ',-1.05086,-100,100,0,'ASC_COR ' )

SIGMA_LUNCH_COR  = Beta('SIGMA_LUNCH_COR ',-1.2724,-100,100,0,'SIGMA_LUNCH_COR ' )

SIGMA_MORNING_COR  = Beta('SIGMA_MORNING_COR ',1.85455,-100,100,0,'SIGMA_MORNING_COR ' )

ASC_GIA  = Beta('ASC_GIA ',0.760098,-100,100,0,'ASC_GIA ' )

SIGMA_LUNCH_GIA  = Beta('SIGMA_LUNCH_GIA ',-1.30517,-100,100,0,'SIGMA_LUNCH_GIA ' )

SIGMA_MORNING_GIA  = Beta('SIGMA_MORNING_GIA ',-0.00720753,-100,100,0,'SIGMA_MORNING_GIA ' )

ASC_PAR  = Beta('ASC_PAR ',-1.43973,-100,100,0,'ASC_PAR ' )

SIGMA_LUNCH_PAR  = Beta('SIGMA_LUNCH_PAR ',0.96129,-100,100,0,'SIGMA_LUNCH_PAR ' )

SIGMA_MORNING_PAR  = Beta('SIGMA_MORNING_PAR ',0.967441,-100,100,0,'SIGMA_MORNING_PAR ' )

ASC_VIN = Beta('ASC_VIN',-8.23531,-100,100,0,'ASC_VIN' )

SIGMA_LUNCH_VIN = Beta('SIGMA_LUNCH_VIN',3.55685,-100,100,0,'SIGMA_LUNCH_VIN' )

SIGMA_MORNING_VIN = Beta('SIGMA_MORNING_VIN',-0.0815438,-100,100,0,'SIGMA_MORNING_VIN' )

ASC_ESP  = Beta('ASC_ESP ',0,-100,100,1,'ASC_ESP ' )

SIGMA_LUNCH_ESP  = Beta('SIGMA_LUNCH_ESP ',0,-100,100,1,'SIGMA_LUNCH_ESP ' )

SIGMA_MORNING_ESP  = Beta('SIGMA_MORNING_ESP ',0,-100,100,1,'SIGMA_MORNING_ESP ' )

ASC_ORN  = Beta('ASC_ORN ',-1.26463,-100,100,0,'ASC_ORN ' )

SIGMA_LUNCH_ORN  = Beta('SIGMA_LUNCH_ORN ',0.12755,-100,100,0,'SIGMA_LUNCH_ORN ' )

SIGMA_MORNING_ORN  = Beta('SIGMA_MORNING_ORN ',0.0261219,-100,100,0,'SIGMA_MORNING_ORN ' )

ASC_PIZ  = Beta('ASC_PIZ ',-2.47259,-100,100,0,'ASC_PIZ ' )

SIGMA_LUNCH_PIZ  = Beta('SIGMA_LUNCH_PIZ ',-1.23957,-100,100,0,'SIGMA_LUNCH_PIZ ' )

SIGMA_MORNING_PIZ  = Beta('SIGMA_MORNING_PIZ ',1.60148,-100,100,0,'SIGMA_MORNING_PIZ ' )

BETA_EVALUATION_FAST_FOOD = Beta('BETA_EVALUATION_FAST_FOOD',2.70946,-100,100,0,'BETA_EVALUATION_FAST_FOOD' )

BETA_DISTANCE_LUNCH_FASTFOOD = Beta('BETA_DISTANCE_LUNCH_FASTFOOD',-0.00672456,-100,100,0,'BETA_DISTANCE_LUNCH_FASTFOOD' )

ASC_KEB  = Beta('ASC_KEB ',-3.1203,-100,100,0,'ASC_KEB ' )

SIGMA_LUNCH_KEB  = Beta('SIGMA_LUNCH_KEB ',0.677365,-100,100,0,'SIGMA_LUNCH_KEB ' )

SIGMA_MORNING_KEB  = Beta('SIGMA_MORNING_KEB ',1.81921,-100,100,0,'SIGMA_MORNING_KEB ' )

ASC_SAT  = Beta('ASC_SAT ',-2.26531,-100,100,0,'ASC_SAT ' )

SIGMA_LUNCH_SAT  = Beta('SIGMA_LUNCH_SAT ',0.776377,-100,100,0,'SIGMA_LUNCH_SAT ' )

SIGMA_MORNING_SAT  = Beta('SIGMA_MORNING_SAT ',2.02371,-100,100,0,'SIGMA_MORNING_SAT ' )

ASC_HOD  = Beta('ASC_HOD ',2.39817,-100,100,0,'ASC_HOD ' )

SIGMA_LUNCH_HOD  = Beta('SIGMA_LUNCH_HOD ',1.04679,-100,100,0,'SIGMA_LUNCH_HOD ' )

SIGMA_MORNING_HOD  = Beta('SIGMA_MORNING_HOD ',1.71245,-100,100,0,'SIGMA_MORNING_HOD ' )

ASC_VAL  = Beta('ASC_VAL ',0.987064,-100,100,0,'ASC_VAL ' )

SIGMA_LUNCH_VAL  = Beta('SIGMA_LUNCH_VAL ',10.6605,-100,100,0,'SIGMA_LUNCH_VAL ' )

SIGMA_MORNING_VAL  = Beta('SIGMA_MORNING_VAL ',0.578088,-100,100,0,'SIGMA_MORNING_VAL ' )


## Code for the sensitivity analysis
names = ['ASC_KLE','BETA_DISTANCE_LUNCH_CAF','ALPHA_FIRST_LUNCH_CHOICE','ALPHA_FIRST_MORNING_CHOICE','RHO_PREVIOUS_MORNING_CHOICE','RHO_PREVIOUS_LUNCH_CHOICE','BETA_DISTANCE_MORNING','BETA_TAP_BEER_AFTER_LUNCH','BETA_DISTANCE_AFTERNOON','BETA_EVALUATION_CAFET','BETA_NO_DISTANCE_AV','BETA_DINNER','BETA_PRICE_STUDENT','BETA_PRICE_EMPLOYEE','BETA_CAPACITY_INSIDE','SIGMA_LUNCH_KLE','SIGMA_MORNING_KLE','ASC_BC','BETA_DISTANCE_LUNCH_SELF','BETA_EVALUATION_SELF','SIGMA_LUNCH_BC','SIGMA_MORNING_BC','ASC_BM ','SIGMA_LUNCH_BM','SIGMA_MORNING_BM','BETA_DISTANCE_LUNCH_OTHER','ASC_ELA ','SIGMA_LUNCH_ELA','SIGMA_MORNING_ELA','ASC_INM ','SIGMA_LUNCH_INM ','SIGMA_MORNING_INM ','ASC_MX ','SIGMA_LUNCH_MX ','SIGMA_MORNING_MX ','ASC_PH ','SIGMA_LUNCH_PH ','SIGMA_MORNING_PH ','ASC_ARC','SIGMA_LUNCH_ARC','SIGMA_MORNING_ARC','ASC_ATL ','SIGMA_LUNCH_ATL ','SIGMA_MORNING_ATL ','ASC_COP','BETA_DISTANCE_LUNCH_REST','SIGMA_LUNCH_COP','SIGMA_MORNING_COP','ASC_COR ','SIGMA_LUNCH_COR ','SIGMA_MORNING_COR ','ASC_GIA ','SIGMA_LUNCH_GIA ','SIGMA_MORNING_GIA ','ASC_PAR ','SIGMA_LUNCH_PAR ','SIGMA_MORNING_PAR ','ASC_VIN','SIGMA_LUNCH_VIN','SIGMA_MORNING_VIN','ASC_ORN ','SIGMA_LUNCH_ORN ','SIGMA_MORNING_ORN ','ASC_PIZ ','SIGMA_LUNCH_PIZ ','SIGMA_MORNING_PIZ ','BETA_EVALUATION_FAST_FOOD','BETA_DISTANCE_LUNCH_FASTFOOD','ASC_KEB ','SIGMA_LUNCH_KEB ','SIGMA_MORNING_KEB ','ASC_SAT ','SIGMA_LUNCH_SAT ','SIGMA_MORNING_SAT ','ASC_HOD ','SIGMA_LUNCH_HOD ','SIGMA_MORNING_HOD ','ASC_VAL ','SIGMA_LUNCH_VAL ','SIGMA_MORNING_VAL ']
values = [[1.712,5.35599e-05,-0.0275911,0.171373,-0.122352,0.00372343,-4.25674e-05,-0.031308,-0.000192493,0.0013206,0.0698345,0.0453605,-0.0164484,-0.0227027,0.000631003,0.390905,0.537737,0.127385,0.000115901,0.0365799,0.0221412,0.045903,0.189179,-0.021744,-0.0494468,2.89488e-05,0.268554,0.00807232,0.0539984,0.51492,-0.154224,0.136867,0.35932,0.0119947,-0.0267412,0.12739,0.0182159,-0.00417953,0.313119,0.0364768,-0.091486,0.106401,0.00229388,0.00989261,-0.595853,0.000119027,0.502248,0.338774,-0.0445842,-0.0465321,0.0827763,0.227457,-0.0141931,0.0611949,-0.0286242,-0.00182818,0.0264574,-0.141647,0.0861274,0.0329956,-0.000620019,0.0419031,0.0256598,0.155117,-0.0432239,-0.0776932,0.0423212,0.000127409,0.0696079,0.00986497,0.0342269,0.208245,-0.0120239,-0.0554571,0.22342,-0.0342775,0.227276,-0.189368,0.454905,-0.185479],[5.35599e-05,4.05564e-07,3.05305e-05,-6.1906e-05,3.8266e-05,-5.51026e-06,5.11643e-08,-1.87226e-05,-1.3475e-07,-1.56006e-05,0.000158577,-3.46454e-05,-8.49388e-07,8.63306e-08,1.36785e-07,2.34323e-05,8.31837e-05,2.27818e-05,1.30306e-07,-2.54199e-06,-1.92668e-05,-4.76612e-05,-4.88246e-05,5.99576e-05,-8.93774e-06,1.01016e-07,3.33386e-05,1.93923e-05,-4.9542e-06,5.14615e-05,-2.54166e-05,1.71399e-05,9.94741e-05,2.62005e-05,-5.22905e-05,-2.99214e-05,7.30728e-06,-5.1111e-06,-4.32806e-05,3.75647e-05,-2.00203e-05,3.49005e-05,-2.46016e-05,1.0978e-05,-0.000208383,-7.79357e-09,0.000100629,0.000198003,-5.61337e-05,-4.88812e-05,3.34538e-06,-1.01906e-06,-4.38625e-05,3.1214e-06,-1.39258e-05,-9.69782e-06,-3.39847e-05,-1.49766e-05,2.0821e-05,-8.3824e-06,-1.91708e-05,2.17463e-05,9.87823e-05,0.000182189,-7.40382e-06,-0.000129262,-2.98083e-05,1.17669e-07,0.000166745,2.11942e-06,-4.67739e-05,-1.28521e-05,1.85308e-05,-2.26597e-05,-2.51001e-05,3.613e-06,-1.89791e-05,-1.90303e-05,4.52921e-05,-2.90464e-05],[-0.0275911,3.05305e-05,0.0468149,-0.0566723,0.0668777,-0.00817897,-7.69061e-05,-0.00656049,-2.74069e-05,-0.00200102,0.000494028,0.0171903,0.0034744,0.00500511,-0.000243844,0.0167679,0.0188966,-0.0255024,-9.22e-06,0.000740213,-0.0216976,-0.0143009,-0.0294843,0.0187524,0.0474902,-4.03774e-06,-0.041196,0.00520905,0.00142643,-0.0375168,-0.00242552,0.0117477,-0.0445109,0.00325416,-0.000190543,-0.00718143,-0.00229619,0.00964208,0.00492558,-0.0345566,-0.021936,-0.0426831,-0.0126858,0.000736349,-0.270068,5.78384e-05,0.0994177,0.182082,-0.0163161,-0.0140703,-0.0248646,-0.0329825,-0.0153175,-0.00119893,0.00515012,-0.00857917,-0.0308325,0.364578,-0.182968,-0.0235275,-0.0111175,0.000749377,0.0292236,-0.0277388,-0.00783094,-0.0295747,-0.00713872,-9.05504e-06,-0.0200164,0.00569462,-0.0148227,0.00407109,0.0135928,-0.0052705,-0.0676867,-0.00643061,-0.049558,-0.109139,-0.00780568,-0.0740751],[0.171373,-6.1906e-05,-0.0566723,0.336701,-0.25983,0.000517021,0.000112575,-0.000530411,-1.73799e-05,-0.0149755,0.0708088,0.0335118,-0.00975853,-0.0181172,0.00038346,-0.0165592,-0.0944222,0.0475991,3.8037e-05,-0.000570069,0.0599389,0.046348,0.152143,-0.106967,-0.0469159,-1.98698e-05,0.195697,-0.0298504,0.115446,0.236882,-0.0246369,0.040074,0.308091,0.0534391,-0.0884585,0.0711971,-0.0102034,0.0210624,0.117407,0.0631484,0.0500188,0.121244,-0.0489069,0.0269443,0.441521,-1.11596e-06,-0.0903223,-0.204674,0.0127891,0.0063777,0.115235,0.153943,0.0216819,0.116791,0.0121349,0.0185864,0.0422062,-0.128288,0.0845639,0.0260298,0.0382946,0.0310704,-0.0471431,0.0663932,-0.000326824,0.0455613,0.0163075,-3.91455e-05,0.00436388,0.00841396,0.0624203,0.120725,-0.01516,-0.0273943,0.196533,0.00233077,0.0756314,0.285398,0.0626166,0.023429],[-0.122352,3.8266e-05,0.0668777,-0.25983,0.294272,0.000852684,-0.000174495,-0.0145013,1.6285e-05,0.0140073,-0.0442306,-0.0437963,0.0103557,0.015595,-0.000483326,0.0413956,0.0784625,-0.0328184,-4.44107e-05,0.00933777,-0.0681865,-0.0469191,-0.128561,0.102857,0.0750957,4.55575e-05,-0.158169,0.0231564,-0.0735929,-0.135369,-0.0163246,0.00488566,-0.228206,-0.0183642,0.0610248,-0.0556039,0.00510031,-0.0184763,-0.0122327,-0.0926926,-0.100498,-0.118705,0.0267286,-0.00824678,-0.667444,2.57873e-05,0.222827,0.362289,-0.00828488,-0.0020681,-0.085719,-0.117816,-0.0141077,-0.0942378,0.00243017,-0.0141201,-0.0455873,0.333642,-0.159807,-0.0482865,-0.0368819,-0.0128882,0.0449705,-0.0550023,-0.00705643,-0.0592231,-0.0126971,5.24847e-05,-0.013744,0.00146791,-0.0544991,-0.0443803,0.0111081,0.00449226,-0.19619,0.00161499,-0.127334,-0.362456,0.00433898,-0.109234],[0.00372343,-5.51026e-06,-0.00817897,0.000517021,0.000852684,0.0217902,2.57205e-05,-0.00404723,2.79024e-05,0.00109309,0.00338006,0.00348919,0.0023656,0.00116013,-2.15927e-06,0.00260881,0.00120945,-0.0191545,-9.37381e-06,0.000428814,0.0126991,0.00546686,-0.00469109,0.000143217,-0.00186089,3.76167e-05,-0.00187852,-0.00160497,-0.0137833,-0.0084527,-0.00535731,-0.00309615,0.00313153,0.0107067,0.00867146,0.00154435,0.00045643,-0.00265636,-0.00411848,0.00170263,0.000713087,-0.0101922,-0.00269579,-0.00225074,-0.0473385,3.82479e-05,0.0129312,0.0345977,-0.0035766,0.00341954,-0.0114651,-0.000806001,0.00683794,-0.00560017,0.00129204,-0.00378439,0.00666493,-0.00833924,0.00647567,-0.0114109,-0.00412222,0.0017445,0.0215733,0.0113316,0.00670803,0.00731103,-0.00125056,2.04444e-05,0.00894917,-0.000927643,0.00148405,-0.00149876,0.00362259,-0.00337645,-0.00830543,-0.00575633,-0.00824528,-0.0109121,-0.0262756,-0.0245369],[-4.25674e-05,5.11643e-08,-7.69061e-05,0.000112575,-0.000174495,2.57205e-05,1.09147e-06,-2.3012e-05,3.25457e-08,3.28935e-06,7.74895e-05,1.65081e-05,-1.64872e-06,-6.37369e-06,1.83999e-07,-1.15146e-05,-2.16088e-05,-6.16297e-05,-1.79213e-08,-1.23929e-05,7.40656e-05,-1.37292e-05,-1.54706e-05,-6.36003e-05,-9.07037e-05,-5.18572e-10,-9.67274e-06,-4.02949e-05,-9.72432e-05,-0.000161104,9.70736e-05,-4.64676e-05,1.03673e-05,4.74997e-05,4.06862e-05,1.65596e-06,-3.8016e-05,3.34678e-06,-2.38378e-05,3.69187e-05,-2.99164e-05,0.000128685,-4.01117e-05,7.94145e-05,0.00024817,1.69363e-09,-8.82427e-05,-0.000151584,3.26447e-05,4.18589e-05,4.51131e-05,-3.55751e-05,2.72142e-05,2.53712e-05,1.17777e-05,2.53372e-05,0.000192277,-0.000366219,0.000158676,-3.25857e-05,1.90855e-05,-2.26797e-06,-1.54469e-05,0.00051127,2.03303e-05,-6.95468e-06,-0.000104907,9.98288e-08,0.000550196,-3.90211e-05,-1.00302e-05,-8.21491e-05,-1.17747e-05,2.85297e-05,0.000106251,-2.19763e-05,0.00019333,0.000198687,-0.000103089,9.20705e-05],[-0.031308,-1.87226e-05,-0.00656049,-0.000530411,-0.0145013,-0.00404723,-2.3012e-05,0.0737918,-1.91703e-06,-0.00918184,-0.0306818,0.0262469,0.00455069,0.00406948,0.000160682,-0.0101643,-0.025618,0.0150191,6.66969e-07,-0.0138021,0.00794622,0.00132488,0.031001,-0.0239125,-0.000332948,2.4719e-05,0.0184418,-0.00216614,0.00822649,0.0182404,0.0123912,-0.00760083,-0.002255,-0.0136055,0.0044287,-0.00867514,0.00483626,-0.00663578,-0.159366,0.0615316,0.0200435,-0.00172003,0.00989607,-0.013866,0.209108,-4.28192e-05,-0.143089,-0.112575,-0.00764013,0.000231286,0.00723709,0.011757,0.00399034,0.00292488,-0.015822,-0.0025547,-0.000588506,-0.19401,0.102549,0.0181197,0.000639403,-0.00268402,-0.00574823,-0.0308744,-0.00129872,0.0237114,-0.00112216,-1.72007e-05,-0.0143457,0.000441309,0.000834553,-0.0448844,0.00230153,0.0362744,-0.00424865,-0.00821057,-0.0163741,0.114159,-0.132803,0.0642111],[-0.000192493,-1.3475e-07,-2.74069e-05,-1.73799e-05,1.6285e-05,2.79024e-05,3.25457e-08,-1.91703e-06,3.68122e-07,3.13826e-05,-8.49366e-05,-4.63717e-07,8.74729e-06,6.84696e-06,-7.53661e-08,-2.15918e-05,-3.54568e-05,-9.92731e-05,-8.8764e-08,1.01051e-05,5.44788e-05,4.31832e-05,-2.35876e-05,2.84413e-05,4.24479e-06,3.74597e-09,-9.44359e-05,5.85292e-06,-1.99413e-05,-0.000133676,1.43283e-06,-2.63932e-05,-0.00019588,-2.61391e-05,8.02761e-05,-2.7823e-05,3.54417e-05,3.60265e-05,-0.000138968,3.06557e-07,8.16501e-05,-4.15561e-05,1.83992e-05,-3.62026e-06,-7.56117e-05,-1.25063e-08,3.04753e-05,5.15731e-05,4.09639e-06,1.77711e-05,-3.30145e-05,-7.59635e-05,3.89854e-05,-2.74062e-05,1.29518e-05,4.35207e-06,5.47376e-05,-0.000287499,0.000146686,-6.02074e-06,-8.42872e-06,-8.82929e-07,2.70991e-05,2.93413e-05,2.07571e-06,4.26188e-05,-7.58654e-06,2.16866e-07,3.94497e-05,4.50182e-06,-9.73965e-06,-7.90727e-05,-7.60269e-06,3.1017e-05,-4.10046e-05,-1.01037e-05,1.67753e-05,-6.44347e-05,-8.53537e-05,-4.91989e-05],[0.0013206,-1.56006e-05,-0.00200102,-0.0149755,0.0140073,0.00109309,3.28935e-06,-0.00918184,3.13826e-05,0.0328827,-0.0320948,-0.0163369,-0.00668764,-0.00567469,-0.000209014,0.00142873,0.0107681,-0.0349933,-1.15921e-05,0.0372961,-0.00482699,0.00754558,-0.0247388,0.0558318,0.0136368,8.21202e-06,-0.0452185,0.00119528,0.0190332,-0.079453,0.00780349,-0.0173002,-0.0821979,-0.0252148,0.0231771,-0.0127255,0.0103176,0.0116381,-0.0100467,-0.00287798,-0.026282,-0.0308434,0.0134267,-0.00488124,-0.10185,-4.78272e-06,0.136433,0.00422502,0.00854773,0.00498534,0.00202188,-0.0166781,0.00386091,-0.0136576,0.0171279,0.00129966,0.0189082,-0.0346054,0.0151038,-0.000962057,-0.00743362,-0.00950297,-0.00765394,-0.00651763,0.00478303,0.00842842,0.0253651,1.94792e-06,-0.00393033,0.00206818,-0.0038808,-0.0055397,-0.00289885,0.00135488,0.0204575,0.00262626,0.020777,-0.0458093,0.171941,0.0201706],[0.0698345,0.000158577,0.000494028,0.0708088,-0.0442306,0.00338006,7.74895e-05,-0.0306818,-8.49366e-05,-0.0320948,0.299095,0.0128738,-0.00648472,-0.00965306,0.000118373,0.0101692,0.0155987,0.0115426,0.000100191,-0.0176245,0.00464277,-0.026465,-0.0180175,-0.0337074,-0.0595838,5.65993e-05,0.109641,0.0206077,0.0340008,0.136711,-0.0314224,0.0694408,0.245562,0.0643618,-0.119439,-0.0353941,-0.0231608,-0.0228731,0.0243583,0.0552014,-0.0199093,0.045916,-0.0175266,0.0298986,-0.0419598,0.000112123,0.043098,0.091126,-0.0564284,-0.032407,0.0509059,0.0335438,-0.020376,0.0289054,-0.00770488,0.00591426,-0.0611781,-0.0291782,0.0130294,0.0152891,-0.0049369,0.0240318,0.056039,0.0863009,-0.00794782,-0.0877531,-0.0194105,9.86927e-05,0.0221568,0.0104692,0.0107455,0.0620662,0.00751604,-0.0392905,0.034437,0.0142967,0.0105874,0.0649722,0.0234545,-0.0135677],[0.0453605,-3.46454e-05,0.0171903,0.0335118,-0.0437963,0.00348919,1.65081e-05,0.0262469,-4.63717e-07,-0.0163369,0.0128738,0.147351,0.00439501,0.00356598,5.56479e-05,0.021611,-0.0174688,-0.0432633,-3.31373e-05,-0.0126146,0.0342723,0.0103484,0.0704411,-0.0580786,0.00189461,-1.96475e-05,0.0574453,0.00804968,-0.0043493,0.0101955,0.0269453,0.0151863,0.069363,0.0253613,-0.0250346,0.0318527,0.011824,-0.00881769,-0.0337964,0.0250705,0.0551735,0.00400429,-0.0320576,0.01969,-0.0593267,0.000148299,0.0169111,0.106068,-0.0377664,-0.0128568,0.0206035,0.0323598,-0.00123268,0.0460539,-0.016565,-0.0222913,-0.0290028,0.265728,-0.120545,-0.0198115,-0.0126952,0.011067,0.0328388,0.00384409,-0.00492551,-0.014114,-0.0114696,-1.67691e-06,0.00685075,0.00340395,0.0161711,0.0252087,0.0229784,0.0116963,-0.015737,-0.00947413,-0.0298054,0.0227045,-0.101701,-0.0495256],[-0.0164484,-8.49388e-07,0.0034744,-0.00975853,0.0103557,0.0023656,-1.64872e-06,0.00455069,8.74729e-06,-0.00668764,-0.00648472,0.00439501,0.0138398,0.011972,0.000163802,-0.00285513,0.00159784,0.0194696,-7.15007e-06,-0.017065,0.00689925,-0.00493677,0.00361502,0.0201202,-0.00417736,5.32603e-05,0.00210971,0.00604173,-0.00442692,0.014944,-0.00355383,0.00367778,-0.0190754,0.00378498,0.00497367,0.0176707,0.0230835,0.00205556,-0.031165,-0.0111888,0.025167,0.00215377,-0.011946,-0.000922523,-0.00221635,1.10924e-05,-0.0838293,0.0285796,-0.00797979,-0.000557722,-0.000882933,-0.00569986,-0.000725027,0.00594257,-0.0148771,-0.0068171,0.00445646,0.0351775,-0.00743127,-0.00665671,-0.0039226,0.00819172,0.0103008,0.0122375,-0.005578,-0.00503675,-0.0138039,2.42375e-05,0.0316167,-0.00175538,-0.00585632,-0.0182358,0.00350255,0.00381446,-0.0517051,-0.0176771,-0.0248037,0.00844538,-0.198913,-0.0239208],[-0.0227027,8.63306e-08,0.00500511,-0.0181172,0.015595,0.00116013,-6.37369e-06,0.00406948,6.84696e-06,-0.00567469,-0.00965306,0.00356598,0.011972,0.012074,0.000136726,-0.00293456,0.00142759,0.0158344,-1.04288e-05,-0.0158596,0.00375218,-0.00677749,-7.64277e-05,0.0202855,-0.00105356,4.12697e-05,-0.00517471,0.00642316,-0.0080415,0.00380528,-0.00174259,-0.000516154,-0.0288192,0.00229069,0.00648588,0.0137933,0.02327,0.00173079,-0.0279497,-0.0153971,0.0242802,-0.00183239,-0.0103486,-0.00258879,-0.00460133,-1.28397e-05,-0.0796043,0.0270789,-0.00936073,-0.00156272,-0.00170464,-0.00989599,-0.00126176,0.00286361,-0.0138622,-0.00856979,0.00221389,0.0297802,-0.00624461,-0.00691125,-0.00441253,0.00701852,0.00805174,0.00587529,-0.00616281,-0.00441029,-0.0130918,1.5819e-05,0.02762,-0.00100521,-0.00712801,-0.0219364,0.00355056,0.00581619,-0.0579833,-0.0127323,-0.022826,-0.00613307,-0.173498,-0.0227185],[0.000631003,1.36785e-07,-0.000243844,0.00038346,-0.000483326,-2.15927e-06,1.83999e-07,0.000160682,-7.53661e-08,-0.000209014,0.000118373,5.56479e-05,0.000163802,0.000136726,1.47477e-05,-0.000107852,-0.000110756,0.00197207,3.73618e-07,-0.000594232,0.000314755,-0.000113612,0.000681406,0.000159553,-0.000819721,8.85587e-07,0.000802106,0.000118101,4.54665e-05,0.00213606,-0.00016144,0.000258277,0.000971561,-4.45083e-05,4.56464e-06,0.000606598,0.000717237,1.9121e-05,-0.000471671,0.000539823,0.00107819,0.00157589,0.000193885,0.000192049,0.00304202,-4.44514e-09,-0.00241458,-0.00107212,-0.000112528,5.17042e-05,7.94779e-05,0.000551327,8.58045e-05,0.000307407,-0.00132137,8.84015e-05,0.00066377,-0.00363163,0.00185009,0.000188394,-0.000104672,0.000149716,8.49832e-05,0.000602511,-0.000117031,0.000125807,-1.82262e-05,8.94542e-07,0.00061447,4.40461e-05,0.00018817,-0.00110956,-7.23539e-06,0.000579087,0.000614565,-0.000187435,9.86098e-05,0.00119628,-0.00306207,6.85621e-05],[0.390905,2.34323e-05,0.0167679,-0.0165592,0.0413956,0.00260881,-1.15146e-05,-0.0101643,-2.15918e-05,0.00142873,0.0101692,0.021611,-0.00285513,-0.00293456,-0.000107852,0.226534,0.164596,-0.0339047,1.89674e-05,0.00442577,0.0209174,0.000759622,0.0362911,-0.0562259,0.025904,5.84784e-06,0.00373208,0.00931407,-0.0159142,0.093641,-0.0740209,0.0675253,0.012997,0.0135308,0.00622828,0.00812022,-0.00499831,0.0151378,0.0459938,-0.00442651,0.00803699,-0.0054104,0.00133522,0.0135551,-0.936261,6.97534e-05,0.489233,0.639274,-0.056317,-0.0411639,-0.00769652,-0.00916216,-0.0076117,0.0262915,0.00656034,-0.000149424,-0.00627793,0.336326,-0.152767,-0.0574604,-0.0108063,0.0410174,0.0931509,0.0598633,-0.0297545,-0.104529,-0.0110645,7.15712e-05,0.0437326,0.0107069,-0.0177155,0.011913,0.0106022,-0.00360953,-0.0432283,0.0155744,-0.0720072,-0.308444,0.186244,-0.282881],[0.537737,8.31837e-05,0.0188966,-0.0944222,0.0784625,0.00120945,-2.16088e-05,-0.025618,-3.54568e-05,0.0107681,0.0155987,-0.0174688,0.00159784,0.00142759,-0.000110756,0.164596,0.526688,-0.00714704,4.47961e-05,0.0149622,-0.0235669,-0.00788977,-0.0635364,0.0768123,-0.00681484,4.81238e-05,-0.0224678,0.0121075,-0.0616019,0.00406287,-0.0211059,0.0255943,-0.0411491,-0.0047711,0.035561,-0.0177548,0.00311288,-0.00666246,0.0276545,-0.0239698,-0.0686746,-0.0372377,0.0183221,-0.000311145,-0.530034,6.46032e-05,0.266838,0.292232,-0.0332542,-0.0248294,-0.0224124,-0.0386362,-0.0254496,-0.0242512,0.00236783,-0.0105372,-0.0136768,-0.143141,0.0920018,0.0151519,-0.0245711,0.0115799,0.0416341,0.0256827,-0.0131595,-0.0642229,0.00137189,8.21603e-05,0.0291508,-0.00161117,-0.0234942,0.015642,-0.00163134,-0.022854,-0.0762795,0.00132844,0.11131,-0.216686,0.109316,-0.0764559],[0.127385,2.27818e-05,-0.0255024,0.0475991,-0.0328184,-0.0191545,-6.16297e-05,0.0150191,-9.92731e-05,-0.0349933,0.0115426,-0.0432633,0.0194696,0.0158344,0.00197207,-0.0339047,-0.00714704,0.449635,6.13939e-05,-0.0767685,-0.0720493,-0.0799503,0.141702,0.0684112,-0.101079,5.57653e-06,0.125196,-0.00243574,0.0325425,0.39058,-0.0472063,0.0560408,0.182843,-0.0186271,-0.0275707,0.0967973,0.0867756,-0.00414671,0.0854299,0.00972331,0.0507047,0.245998,0.0144181,0.0254404,0.687303,-9.06278e-05,-0.460552,-0.368853,0.0528093,0.0327142,0.00123858,0.102778,-0.00232826,-0.0144428,-0.186253,0.0344428,0.080793,-0.418352,0.215346,0.0474073,0.00895247,-0.0069682,-0.064951,0.0578556,-0.0150671,0.0295044,0.00730244,2.46523e-05,0.0602678,-0.00310752,0.00403049,-0.0791983,-0.0204435,0.0489647,0.100682,-0.0191589,-0.0421188,0.186193,-0.369286,0.108885],[0.000115901,1.30306e-07,-9.22e-06,3.8037e-05,-4.44107e-05,-9.37381e-06,-1.79213e-08,6.66969e-07,-8.8764e-08,-1.15921e-05,0.000100191,-3.31373e-05,-7.15007e-06,-1.04288e-05,3.73618e-07,1.89674e-05,4.47961e-05,6.13939e-05,1.95479e-07,-1.0704e-05,-5.86347e-07,1.83367e-05,3.28626e-06,-5.02005e-06,-6.80635e-05,6.79614e-08,7.1188e-05,1.60227e-06,1.34189e-05,0.000146214,-3.8965e-05,4.6536e-05,0.000131105,-2.86066e-06,-3.86104e-05,-4.01825e-06,-1.03484e-05,-1.18851e-06,-1.78981e-05,7.41932e-05,4.29731e-06,7.57431e-05,2.9182e-05,7.19738e-06,-1.93686e-05,9.83421e-08,6.39427e-05,4.17048e-05,-2.25025e-05,-2.72256e-05,1.30825e-05,3.94432e-05,-1.66471e-05,2.31342e-05,-1.62159e-05,2.85091e-05,-7.38237e-06,-0.000320245,0.000178096,3.69929e-05,5.28976e-06,1.77901e-05,1.99681e-05,4.84853e-05,-9.43686e-06,-4.72198e-05,6.59969e-06,1.04439e-07,1.2517e-06,1.03642e-05,9.3614e-06,4.11442e-07,1.28135e-06,-3.64577e-06,8.0391e-05,1.58485e-05,7.41387e-05,7.73467e-05,7.57339e-05,9.58162e-06],[0.0365799,-2.54199e-06,0.000740213,-0.000570069,0.00933777,0.000428814,-1.23929e-05,-0.0138021,1.01051e-05,0.0372961,-0.0176245,-0.0126146,-0.017065,-0.0158596,-0.000594232,0.00442577,0.0149622,-0.0767685,-1.0704e-05,0.0657586,-0.0205569,0.0114799,-0.0177491,0.0511549,0.0320979,-3.02495e-05,-0.0134826,-0.00526813,0.0300192,-0.0613394,-0.000123933,-0.0125613,-0.0307935,-0.022841,0.0104547,-0.0152361,-0.015301,0.00275798,0.0493192,-0.0023504,-0.0899366,-0.0612073,0.00434373,-0.0113205,-0.196962,-1.33554e-05,0.259701,0.0332637,0.0177371,0.00461064,0.0103941,0.0179539,-0.0022511,-0.0205655,0.052277,-0.00130907,-0.00299666,0.0856044,-0.0480523,-0.00248447,-0.00385511,-0.0166109,-0.0122446,0.00226048,0.00735586,-0.00103567,0.0357338,-2.37773e-05,-0.0135187,0.000230457,-0.000631803,0.076592,-0.00318595,-0.0303145,0.0435186,0.0144532,0.0221477,-0.0662455,0.363718,0.0265039],[0.0221412,-1.92668e-05,-0.0216976,0.0599389,-0.0681865,0.0126991,7.40656e-05,0.00794622,5.44788e-05,-0.00482699,0.00464277,0.0342723,0.00689925,0.00375218,0.000314755,0.0209174,-0.0235669,-0.0720493,-5.86347e-07,-0.0205569,0.113118,0.0480308,0.000929282,-0.0526707,-0.0231056,8.58572e-05,0.0248203,0.00897239,0.00241459,-0.00237533,0.00242396,-0.00382854,0.015974,0.0182283,0.00753233,0.0170464,0.0169401,0.0132047,-0.0903314,0.0448681,0.100665,0.0246029,0.00280684,0.00864626,-0.0418916,0.000105686,-0.0155307,0.0915269,-0.0504371,-0.0223169,0.0385321,0.0024185,0.017446,0.0648923,-0.0108678,-0.0090132,0.0291291,-0.109717,0.0603838,-0.0124475,-0.00531181,0.033914,0.0449372,0.0294302,-0.00357985,-0.00149282,-0.0115159,6.57211e-05,0.0306235,0.00426976,0.0176082,-0.0557565,0.00743146,0.0293635,0.0170843,-0.0137714,0.0438626,0.0699727,-0.154402,-0.0596264],[0.045903,-4.76612e-05,-0.0143009,0.046348,-0.0469191,0.00546686,-1.37292e-05,0.00132488,4.31832e-05,0.00754558,-0.026465,0.0103484,-0.00493677,-0.00677749,-0.000113612,0.000759622,-0.00788977,-0.0799503,1.83367e-05,0.0114799,0.0480308,0.0883998,0.00371375,-0.0335229,0.00781829,2.51428e-05,0.026077,0.00709697,0.0107684,-0.00481044,-0.0146003,0.00312065,-0.00581552,-0.0151907,0.016276,0.00334358,-0.0128214,0.0112984,-0.014004,0.0282711,0.00956139,-0.0140417,0.0169998,-0.00669481,-0.0199618,8.40884e-05,0.0559701,-0.0100331,-0.00972126,-0.00943084,0.0218515,0.018845,0.0102724,0.0235149,0.0302396,0.00703432,0.012104,-0.120603,0.0554923,0.0174954,0.0092434,0.00749785,-0.0175078,-0.00453631,-0.00203613,0.0114466,0.00678944,3.93228e-05,-0.0163366,0.00851954,0.0164511,0.0223926,-0.00348587,-0.01178,0.0483474,-0.00228345,0.106969,0.0538193,0.0553948,0.00691454],[0.189179,-4.88246e-05,-0.0294843,0.152143,-0.128561,-0.00469109,-1.54706e-05,0.031001,-2.35876e-05,-0.0247388,-0.0180175,0.0704411,0.00361502,-7.64277e-05,0.000681406,0.0362911,-0.0635364,0.141702,3.28626e-06,-0.0177491,0.000929282,0.00371375,0.382891,-0.184439,-0.0653015,-0.000105444,0.173306,-0.0123618,0.0714724,0.280493,-0.0277387,0.036978,0.192027,-0.00935129,-0.0320809,0.0951031,0.0515735,-0.0105194,0.113235,0.0276168,0.0131655,0.106428,-0.0448456,0.00160628,0.285474,-4.75209e-05,-0.131894,-0.110359,0.0248282,0.0165278,0.0546805,0.152507,-0.000867383,0.0494312,-0.0574663,-0.00968972,0.0432484,0.0966515,-0.0317326,0.00954703,0.0219578,0.00738213,-0.0502707,0.0989433,-0.0074742,0.0083293,-0.00211383,2.97232e-06,0.0751452,0.00685305,0.0234548,0.0916413,-0.00655946,-0.00270606,0.0958927,-0.0088039,-0.0226137,0.163964,-0.0936504,0.0149029],[-0.021744,5.99576e-05,0.0187524,-0.106967,0.102857,0.000143217,-6.36003e-05,-0.0239125,2.84413e-05,0.0558318,-0.0337074,-0.0580786,0.0201202,0.0202855,0.000159553,-0.0562259,0.0768123,0.0684112,-5.02005e-06,0.0511549,-0.0526707,-0.0335229,-0.184439,0.437573,0.0335279,0.000121255,-0.0372638,0.0293479,0.0219886,0.0124277,-0.0327167,0.0162997,-0.144991,-0.0504908,0.0574086,0.0213951,0.0978781,0.0346973,-0.0449834,-0.0444406,-0.0698651,-0.0400826,0.00723389,-0.0071272,-0.161534,3.81441e-06,0.0684587,0.0238212,0.0158884,-0.00508972,0.00587659,0.00268711,-0.0075422,-0.0734801,-0.0255153,-0.000615728,0.0278242,-0.0469716,0.0382684,-0.00192557,-0.0384699,-0.000207125,-0.00827924,0.0649471,-0.0253968,-0.0409306,0.0309749,9.55582e-05,0.117295,0.00611354,-0.0366835,-0.00335206,-0.000437502,-0.0256145,-0.0990808,-0.0286085,-0.0272125,-0.116338,-0.0539711,0.033342],[-0.0494468,-8.93774e-06,0.0474902,-0.0469159,0.0750957,-0.00186089,-9.07037e-05,-0.000332948,4.24479e-06,0.0136368,-0.0595838,0.00189461,-0.00417736,-0.00105356,-0.000819721,0.025904,-0.00681484,-0.101079,-6.80635e-05,0.0320979,-0.0231056,0.00781829,-0.0653015,0.0335279,0.307779,-8.22448e-05,-0.0927725,-0.00858786,0.0851669,-0.117993,-0.0388508,0.0105592,-0.129072,-0.0223973,0.00179891,-0.0208977,-0.0251308,0.0407485,0.0405165,-0.0862091,-0.116779,-0.129921,-0.0222151,-0.0114089,-0.168842,3.11446e-05,0.100871,0.0562228,0.00584071,-0.00587869,-0.00601129,-0.0511386,0.000101685,-0.052385,0.0489197,-0.0131344,-0.0250348,0.531743,-0.281032,-0.0332629,-0.00638613,-0.0256909,-0.00208715,-0.0233118,-0.0130467,-0.00873453,-0.0106117,-4.88252e-07,0.00149644,0.0141283,-0.0487012,0.0280496,0.0140232,-0.00825216,-0.0813658,0.00367222,-0.0372159,-0.153165,0.131018,-0.0180196],[2.89488e-05,1.01016e-07,-4.03774e-06,-1.98698e-05,4.55575e-05,3.76167e-05,-5.18572e-10,2.4719e-05,3.74597e-09,8.21202e-06,5.65993e-05,-1.96475e-05,5.32603e-05,4.12697e-05,8.85587e-07,5.84784e-06,4.81238e-05,5.57653e-06,6.79614e-08,-3.02495e-05,8.58572e-05,2.51428e-05,-0.000105444,0.000121255,-8.22448e-05,8.82486e-07,4.99854e-05,4.43799e-05,1.799e-05,6.31561e-05,-1.32743e-05,8.11007e-07,2.99255e-05,6.25372e-05,1.12413e-06,6.19541e-06,9.29611e-05,-2.32313e-05,-0.000280114,7.59443e-05,6.06211e-05,-5.48184e-06,1.41664e-05,-1.62432e-05,-0.000347286,1.65833e-07,-6.80285e-05,0.000287623,-9.62052e-05,-1.71108e-05,2.68702e-05,1.51894e-05,1.48554e-05,8.3049e-05,-4.48771e-05,-3.6162e-05,2.91248e-05,-0.000539122,0.000342166,-2.10471e-05,-4.88917e-05,5.64025e-05,0.000173109,2.71327e-05,-3.96045e-08,-2.81357e-05,2.38366e-06,2.58016e-07,7.09786e-05,-9.90389e-06,-7.853e-06,-0.000120417,3.89148e-05,5.11726e-05,-0.000122449,-9.58452e-05,-4.95015e-05,0.000109855,-0.000674825,-0.000105714],[0.268554,3.33386e-05,-0.041196,0.195697,-0.158169,-0.00187852,-9.67274e-06,0.0184418,-9.44359e-05,-0.0452185,0.109641,0.0574453,0.00210971,-0.00517471,0.000802106,0.00373208,-0.0224678,0.125196,7.1188e-05,-0.0134826,0.0248203,0.026077,0.173306,-0.0372638,-0.0927725,4.99854e-05,0.415911,0.0512521,0.00135804,0.502971,-0.0768102,0.0862783,0.441624,0.031863,-0.0810019,0.141196,0.0138881,-0.0312947,0.169096,0.0878594,-0.0163383,0.143214,-0.0440588,0.00186987,0.0586603,-7.17255e-05,0.0147468,0.0680061,-0.0236252,-0.0175795,0.121155,0.270181,-0.00674331,0.0770603,-0.0342528,-0.00142103,0.000450356,0.0235923,0.00592788,0.0218904,0.0217504,0.0415426,-0.0244746,0.177783,-0.0383742,-0.0662094,-0.00508885,8.40424e-05,0.130698,0.00764052,0.0456084,0.221302,-0.00794978,-0.0632624,0.126757,0.0010048,0.0133043,0.154968,-0.00337941,-0.0397375],[0.00807232,1.93923e-05,0.00520905,-0.0298504,0.0231564,-0.00160497,-4.02949e-05,-0.00216614,5.85292e-06,0.00119528,0.0206077,0.00804968,0.00604173,0.00642316,0.000118101,0.00931407,0.0121075,-0.00243574,1.60227e-06,-0.00526813,0.00897239,0.00709697,-0.0123618,0.0293479,-0.00858786,4.43799e-05,0.0512521,0.0714555,-0.0167155,0.00659392,-0.00610636,0.0111058,-0.027316,-0.0134765,-8.08978e-05,0.00694745,0.0246899,0.0119726,-0.0305168,0.00589741,0.0304997,0.00220973,0.00521468,-0.00190465,-0.0808328,-1.55954e-05,0.0149235,0.0718936,-0.0445093,-0.0235737,0.0302296,-0.0096157,-0.00457489,0.00081844,-0.00409415,-0.0046844,-0.00225794,0.0071034,-0.00179836,0.00639525,-0.00577529,0.01568,0.000411147,0.0260081,-0.0188403,-0.0487573,-0.0106153,7.30055e-05,0.040891,0.0152653,-0.00742002,-0.0104305,-0.00138485,0.00203966,-0.0325138,-0.00483253,0.00262012,-0.0391868,-0.0607524,-0.0165304],[0.0539984,-4.9542e-06,0.00142643,0.115446,-0.0735929,-0.0137833,-9.72432e-05,0.00822649,-1.99413e-05,0.0190332,0.0340008,-0.0043493,-0.00442692,-0.0080415,4.54665e-05,-0.0159142,-0.0616019,0.0325425,1.34189e-05,0.0300192,0.00241459,0.0107684,0.0714724,0.0219886,0.0851669,1.799e-05,0.00135804,-0.0167155,0.406019,0.0849171,-0.0900917,0.0547646,0.0398407,-0.0532075,-0.0865711,0.00153707,0.0316269,0.0338547,-0.0182706,0.00933956,-0.118608,-0.00527811,-0.0162485,0.0107319,0.699232,9.87687e-05,-0.25535,-0.502461,0.0153185,0.00312885,0.109446,0.0520067,-0.000267871,0.0398366,-0.00924438,-0.00779216,0.0108139,-0.150458,0.0902037,0.0495935,0.0187002,-0.0153372,-0.0609148,-0.0181008,-0.00291991,0.00891227,0.0337396,3.79684e-05,-0.0401575,0.0251531,0.00545619,0.0236392,0.00654728,-0.00815352,0.0773969,-0.00272173,0.0216323,0.247564,0.0303866,0.236565],[0.51492,5.14615e-05,-0.0375168,0.236882,-0.135369,-0.0084527,-0.000161104,0.0182404,-0.000133676,-0.079453,0.136711,0.0101955,0.014944,0.00380528,0.00213606,0.093641,0.00406287,0.39058,0.000146214,-0.0613394,-0.00237533,-0.00481044,0.280493,0.0124277,-0.117993,6.31561e-05,0.502971,0.00659392,0.0849171,1.16223,-0.329504,0.284875,0.674157,0.0300799,-0.097937,0.21337,0.0765176,-0.00614381,0.290523,0.100942,-0.0222104,0.306088,-0.0228558,0.0287318,-0.611275,-0.000109753,0.271723,0.577816,-0.00619111,-0.0189561,0.0398455,0.386396,-0.0173893,0.0670007,-0.161167,0.0336313,0.0488852,0.181768,-0.0633536,-0.00242653,0.0106781,0.0686567,0.047331,0.299267,-0.0875275,-0.152764,-0.00365824,0.000192651,0.189106,0.0130541,0.0549447,0.243609,-0.0138154,-0.0640098,0.148513,0.0164137,-0.0595471,-0.170528,0.0144688,-0.381277],[-0.154224,-2.54166e-05,-0.00242552,-0.0246369,-0.0163246,-0.00535731,9.70736e-05,0.0123912,1.43283e-06,0.00780349,-0.0314224,0.0269453,-0.00355383,-0.00174259,-0.00016144,-0.0740209,-0.0211059,-0.0472063,-3.8965e-05,-0.000123933,0.00242396,-0.0146003,-0.0277387,-0.0327167,-0.0388508,-1.32743e-05,-0.0768102,-0.00610636,-0.0900917,-0.329504,0.361182,-0.12109,-0.085771,0.0108601,0.00196245,-0.0183682,-0.0222151,-0.026075,-0.0507933,0.0073734,0.0247708,-0.0273009,0.000339775,-0.0064838,0.542514,4.26224e-05,-0.265273,-0.365374,0.0249934,0.0253744,-0.0138406,-0.0439619,0.0110405,0.00319668,0.00282519,-0.0143942,-0.000216696,-0.0661825,0.020541,0.00546694,-0.00305398,-0.029103,-0.0311031,-0.0687987,0.0456094,0.0874496,0.00787223,-0.000100558,-0.0618751,-0.0102413,0.0166728,-0.0750689,0.00742832,0.044212,0.018149,-0.0165258,0.0124449,0.26218,-0.125148,0.23234],[0.136867,1.71399e-05,0.0117477,0.040074,0.00488566,-0.00309615,-4.64676e-05,-0.00760083,-2.63932e-05,-0.0173002,0.0694408,0.0151863,0.00367778,-0.000516154,0.000258277,0.0675253,0.0255943,0.0560408,4.6536e-05,-0.0125613,-0.00382854,0.00312065,0.036978,0.0162997,0.0105592,8.11007e-07,0.0862783,0.0111058,0.0547646,0.284875,-0.12109,0.190438,0.146372,0.0160794,-0.0446087,0.0237235,0.0092869,0.0147266,0.0743151,0.00125679,-0.0272011,0.0440066,-0.00313257,0.0273564,-0.517655,0.000114179,0.258986,0.401236,-0.0183849,-0.0235129,0.00982656,0.0513516,-0.00551283,0.0157765,-0.019839,0.0149986,-0.0174057,0.272193,-0.125608,-0.00883433,-0.0028084,0.0418416,0.0226412,0.118943,-0.0430908,-0.173124,-0.0218109,0.000127651,0.0872221,0.0194573,-0.00768843,0.0612522,0.000975999,-0.0273416,-0.000169019,0.00654289,-0.025305,-0.199982,0.0638473,-0.190691],[0.35932,9.94741e-05,-0.0445109,0.308091,-0.228206,0.00313153,1.03673e-05,-0.002255,-0.00019588,-0.0821979,0.245562,0.069363,-0.0190754,-0.0288192,0.000971561,0.012997,-0.0411491,0.182843,0.000131105,-0.0307935,0.015974,-0.00581552,0.192027,-0.144991,-0.129072,2.99255e-05,0.441624,-0.027316,0.0398407,0.674157,-0.085771,0.146372,0.851735,0.170605,-0.170757,0.109088,-0.0534829,-0.0707513,0.292289,0.131441,-0.0546551,0.201675,-0.0395609,0.0196017,0.116147,2.30203e-05,0.080617,0.0882601,-0.0220452,-0.018498,0.105059,0.335404,-0.00459306,0.112131,-0.0428816,0.0100217,-0.0652741,-0.187595,0.121714,0.0323197,0.0244616,0.0525745,0.0517469,0.161093,-0.0178204,-0.0914796,0.00980538,7.53837e-05,0.00842339,0.00586667,0.0719878,0.277362,0.00702973,-0.0794296,0.261462,0.0326802,-0.00260905,0.215313,0.217988,-0.062455],[0.0119947,2.62005e-05,0.00325416,0.0534391,-0.0183642,0.0107067,4.74997e-05,-0.0136055,-2.61391e-05,-0.0252148,0.0643618,0.0253613,0.00378498,0.00229069,-4.45083e-05,0.0135308,-0.0047711,-0.0186271,-2.86066e-06,-0.022841,0.0182283,-0.0151907,-0.00935129,-0.0504908,-0.0223973,6.25372e-05,0.031863,-0.0134765,-0.0532075,0.0300799,0.0108601,0.0160794,0.170605,0.108138,-0.0453718,-0.00158403,-0.027658,-0.0200012,0.0360939,-0.00334484,0.0272042,0.00375998,-0.025956,0.00929286,-0.17803,1.76467e-05,0.0395622,0.194062,-0.0333423,-0.0117331,0.0111359,0.0127431,0.00762594,0.0406785,0.016655,-0.011609,-0.0444298,0.0431746,-0.00234949,-0.0230348,-0.00634939,0.0352279,0.0613399,0.0139143,0.00166921,-0.035738,-0.0213435,1.48737e-05,-0.00594467,-0.00146085,0.00357677,0.0304391,0.0112739,-0.0143359,-0.0237145,-0.00117921,-0.0399571,-0.0198295,-0.0822331,-0.102429],[-0.0267412,-5.22905e-05,-0.000190543,-0.0884585,0.0610248,0.00867146,4.06862e-05,0.0044287,8.02761e-05,0.0231771,-0.119439,-0.0250346,0.00497367,0.00648588,4.56464e-06,0.00622828,0.035561,-0.0275707,-3.86104e-05,0.0104547,0.00753233,0.016276,-0.0320809,0.0574086,0.00179891,1.12413e-06,-0.0810019,-8.08978e-05,-0.0865711,-0.097937,0.00196245,-0.0446087,-0.170757,-0.0453718,0.22979,-0.0165925,0.0212834,0.0115761,-0.0765666,-0.00299709,0.00271138,-0.0335959,0.0339804,-0.0109778,-0.173018,2.52843e-05,0.0571297,0.0724737,0.00715644,0.00749754,-0.0565384,-0.0543032,-0.00230858,-0.0263043,-0.00902088,-0.000583944,0.060