# This file has automatically been generated
# biogeme 2.4 [Jeu 28 aoû 2014 16:02:53 CEST]
# <a href='http://people.epfl.ch/michel.bierlaire'>Michel Bierlaire</a>, <a href='http://transp-or.epfl.ch'>Transport and Mobility Laboratory</a>, <a href='http://www.epfl.ch'>Ecole Polytechnique F&eacute;d&eacute;rale de Lausanne (EPFL)</a>
# Mon Aug 31 18:41:11 2015</p>
#
ASC_KLE = Beta('ASC_KLE',-2.85184,-100,100,0,'ASC_KLE' )

BETA_DISTANCE_LUNCH_CAF = Beta('BETA_DISTANCE_LUNCH_CAF',-0.00701761,-100,100,0,'BETA_DISTANCE_LUNCH_CAF' )

BETA_DISTANCE_MORNING = Beta('BETA_DISTANCE_MORNING',-0.00555018,-100,100,0,'BETA_DISTANCE_MORNING' )

BETA_TAP_BEER_AFTER_LUNCH = Beta('BETA_TAP_BEER_AFTER_LUNCH',0.518306,-100,100,0,'BETA_TAP_BEER_AFTER_LUNCH' )

BETA_DISTANCE_AFTERNOON = Beta('BETA_DISTANCE_AFTERNOON',-0.000491533,-100,100,0,'BETA_DISTANCE_AFTERNOON' )

BETA_EVALUATION_CAFET = Beta('BETA_EVALUATION_CAFET',1.18723,-100,100,0,'BETA_EVALUATION_CAFET' )

BETA_NO_DISTANCE_AV = Beta('BETA_NO_DISTANCE_AV',-4.89931,-100,100,0,'BETA_NO_DISTANCE_AV' )

BETA_DINNER = Beta('BETA_DINNER',0.720212,-100,100,0,'BETA_DINNER' )

BETA_PRICE_STUDENT = Beta('BETA_PRICE_STUDENT',-0.251327,-100,100,0,'BETA_PRICE_STUDENT' )

BETA_PRICE_EMPLOYEE = Beta('BETA_PRICE_EMPLOYEE',-0.124831,-100,100,0,'BETA_PRICE_EMPLOYEE' )

BETA_METEO_TERRACE = Beta('BETA_METEO_TERRACE',0,-100,100,1,'BETA_METEO_TERRACE' )

BETA_CAPACITY_INSIDE = Beta('BETA_CAPACITY_INSIDE',0.00523933,-100,100,0,'BETA_CAPACITY_INSIDE' )

ASC_BC = Beta('ASC_BC',0.0397548,-100,100,0,'ASC_BC' )

BETA_DISTANCE_LUNCH_SELF = Beta('BETA_DISTANCE_LUNCH_SELF',-0.00663142,-100,100,0,'BETA_DISTANCE_LUNCH_SELF' )

BETA_EVALUATION_SELF = Beta('BETA_EVALUATION_SELF',1.29914,-100,100,0,'BETA_EVALUATION_SELF' )

ASC_BM  = Beta('ASC_BM ',0.504913,-100,100,0,'ASC_BM ' )

BETA_DISTANCE_LUNCH_OTHER = Beta('BETA_DISTANCE_LUNCH_OTHER',-0.00233571,-100,100,0,'BETA_DISTANCE_LUNCH_OTHER' )

ASC_ELA  = Beta('ASC_ELA ',-0.787651,-100,100,0,'ASC_ELA ' )

ASC_INM  = Beta('ASC_INM ',-1.99723,-100,100,0,'ASC_INM ' )

ASC_MX  = Beta('ASC_MX ',-0.300057,-100,100,0,'ASC_MX ' )

ASC_PH  = Beta('ASC_PH ',1.41306,-100,100,0,'ASC_PH ' )

ASC_ARC = Beta('ASC_ARC',-0.774754,-100,100,0,'ASC_ARC' )

ASC_ATL  = Beta('ASC_ATL ',-0.273688,-100,100,0,'ASC_ATL ' )

ASC_COP = Beta('ASC_COP',3.11655,-100,100,0,'ASC_COP' )

BETA_DISTANCE_LUNCH_REST = Beta('BETA_DISTANCE_LUNCH_REST',-0.00235841,-100,100,0,'BETA_DISTANCE_LUNCH_REST' )

ASC_COR  = Beta('ASC_COR ',-0.167282,-100,100,0,'ASC_COR ' )

ASC_GIA  = Beta('ASC_GIA ',0.41775,-100,100,0,'ASC_GIA ' )

ASC_PAR  = Beta('ASC_PAR ',-0.690426,-100,100,0,'ASC_PAR ' )

ASC_VIN = Beta('ASC_VIN',-4.55992,-100,100,0,'ASC_VIN' )

ASC_ESP  = Beta('ASC_ESP ',0,-100,100,1,'ASC_ESP ' )

ASC_ORN  = Beta('ASC_ORN ',-0.605396,-100,100,0,'ASC_ORN ' )

ASC_PIZ  = Beta('ASC_PIZ ',-1.69094,-100,100,0,'ASC_PIZ ' )

BETA_EVALUATION_FAST_FOOD = Beta('BETA_EVALUATION_FAST_FOOD',1.65863,-100,100,0,'BETA_EVALUATION_FAST_FOOD' )

BETA_DISTANCE_LUNCH_FASTFOOD = Beta('BETA_DISTANCE_LUNCH_FASTFOOD',-0.00964766,-100,100,0,'BETA_DISTANCE_LUNCH_FASTFOOD' )

ASC_KEB  = Beta('ASC_KEB ',-2.4949,-100,100,0,'ASC_KEB ' )

ASC_SAT  = Beta('ASC_SAT ',-1.27796,-100,100,0,'ASC_SAT ' )

ASC_HOD  = Beta('ASC_HOD ',0.860284,-100,100,0,'ASC_HOD ' )

ASC_VAL  = Beta('ASC_VAL ',4.41213,-100,100,0,'ASC_VAL ' )


## Code for the sensitivity analysis
names = ['ASC_KLE','BETA_DISTANCE_LUNCH_CAF','BETA_DISTANCE_MORNING','BETA_TAP_BEER_AFTER_LUNCH','BETA_DISTANCE_AFTERNOON','BETA_EVALUATION_CAFET','BETA_NO_DISTANCE_AV','BETA_DINNER','BETA_PRICE_STUDENT','BETA_PRICE_EMPLOYEE','BETA_CAPACITY_INSIDE','ASC_BC','BETA_DISTANCE_LUNCH_SELF','BETA_EVALUATION_SELF','ASC_BM ','BETA_DISTANCE_LUNCH_OTHER','ASC_ELA ','ASC_INM ','ASC_MX ','ASC_PH ','ASC_ARC','ASC_ATL ','ASC_COP','BETA_DISTANCE_LUNCH_REST','ASC_COR ','ASC_GIA ','ASC_PAR ','ASC_VIN','ASC_ORN ','ASC_PIZ ','BETA_EVALUATION_FAST_FOOD','BETA_DISTANCE_LUNCH_FASTFOOD','ASC_KEB ','ASC_SAT ','ASC_HOD ','ASC_VAL ']
values = [[0.371021,1.3877e-05,-8.95726e-05,-0.0186205,4.43236e-06,-0.0181212,0.0166002,0.0285969,0.00750106,0.00572399,0.00049906,0.0773296,2.52745e-05,-0.0149791,0.08002,2.92746e-05,0.10331,0.153084,0.117369,0.0885052,0.0924537,0.0425592,-0.0626752,8.3764e-05,0.00107095,0.0912438,-0.0445525,0.000990345,-0.00479307,0.0490303,-0.00154167,9.66609e-06,0.0566375,0.0638891,0.00707998,-0.147767],[1.3877e-05,3.15344e-07,1.07661e-07,-7.29363e-06,-1.3568e-07,-8.39646e-06,5.32865e-05,1.13521e-05,-1.3725e-06,-2.74916e-06,1.93912e-08,4.28455e-06,1.23219e-07,-3.94896e-06,-1.08111e-05,5.20995e-08,4.88265e-06,-4.91106e-06,5.36347e-06,-1.35719e-05,3.71842e-07,9.01516e-06,4.69371e-05,4.64487e-08,1.74402e-06,-7.90146e-06,-2.41609e-06,9.1395e-06,1.16149e-06,-2.13901e-05,9.72914e-07,8.94121e-08,-1.89306e-05,-1.30501e-05,3.10967e-05,5.95513e-05],[-8.95726e-05,1.07661e-07,1.15475e-06,-7.00127e-06,-1.25656e-07,1.98121e-05,5.63401e-05,-2.44535e-06,-5.21791e-06,-4.63731e-06,-5.07678e-07,-8.48807e-05,-4.09677e-08,2.21203e-05,-6.79375e-05,1.09334e-07,-8.44601e-05,-0.000146848,-0.000111357,-8.2891e-05,-7.80777e-05,-4.69435e-05,8.575e-05,-3.79425e-08,4.52834e-06,-8.58253e-05,5.40967e-05,8.97163e-06,8.92806e-06,0.000202098,-4.38418e-05,1.07809e-07,0.000205468,-4.1529e-05,-5.74861e-06,0.000139995],[-0.0186205,-7.29363e-06,-7.00127e-06,0.0429147,-1.81222e-05,-0.00148269,-0.00459913,0.0157167,0.00113743,0.000807549,2.84928e-06,0.00148026,6.00191e-06,-0.00150213,0.00628557,4.78618e-06,0.00400186,0.0051105,0.00260724,0.00726149,-0.0203967,-0.000975213,0.0020493,-3.07066e-05,-0.00189605,0.0030839,-0.00281831,-0.00520007,-0.0013982,0.00124955,-0.00161946,3.07779e-06,0.00184362,-0.0123556,-0.00937235,0.00426813],[4.43236e-06,-1.3568e-07,-1.25656e-07,-1.81222e-05,4.52659e-07,1.11555e-05,-3.46979e-05,-3.02207e-05,-2.26685e-06,-5.52592e-07,-4.24971e-08,-2.1883e-05,-1.32286e-07,8.88996e-06,-7.5938e-06,-6.98494e-08,-2.29124e-05,-3.59641e-05,-3.27696e-05,-8.2314e-06,-1.62558e-05,-5.88323e-06,3.40288e-06,-4.17171e-08,-1.01591e-06,-1.80764e-05,7.2698e-06,-5.3836e-06,-1.20409e-06,6.30543e-05,-6.31065e-06,2.6451e-08,5.40667e-05,-1.72193e-05,-5.11755e-06,1.53746e-05],[-0.0181212,-8.39646e-06,1.98121e-05,-0.00148269,1.11555e-05,0.0135128,-0.00574055,-0.00655266,-0.0061325,-0.0040436,-0.000168829,-0.0278581,-6.51713e-06,0.0156003,-0.0261206,2.65567e-05,-0.0289413,-0.044558,-0.0309031,-0.0271321,-0.00855304,-0.0120143,0.0177249,8.77333e-05,0.000789434,-0.0192972,0.0150103,0.000653795,-0.00150585,-0.00427778,0.00826227,-2.2203e-06,-0.00933255,-0.0119606,0.0181375,0.0316098],[0.0166002,5.32865e-05,5.63401e-05,-0.00459913,-3.46979e-05,-0.00574055,0.148846,0.00253318,8.43528e-05,-0.00141871,8.24077e-05,0.00994216,4.08282e-05,-0.00483485,-0.00339304,1.42337e-06,0.0139975,0.0149564,0.0217316,0.00492373,0.0117141,0.010227,0.0195827,3.15987e-05,-0.00395792,0.0107169,-0.00707986,0.0012296,-0.00335636,-0.00358146,-0.00107025,5.71032e-05,-0.00166027,0.00590943,0.0124667,0.0327166],[0.0285969,1.13521e-05,-2.44535e-06,0.0157167,-3.02207e-05,-0.00655266,0.00253318,0.120439,0.00320067,0.00325519,0.000151358,0.0258244,1.16614e-05,-0.00649351,0.0385799,1.8958e-05,0.0312043,0.0452384,0.0334457,0.0391912,0.0139962,0.0123825,-0.0161765,-1.4314e-05,0.000536922,0.0271093,-0.0153732,-0.00119155,-0.000313965,0.00833115,-0.00119242,1.05875e-05,0.012159,0.0172055,-0.00517122,-0.0428886],[0.00750106,-1.3725e-06,-5.21791e-06,0.00113743,-2.26685e-06,-0.0061325,8.43528e-05,0.00320067,0.00696257,0.00474236,4.35982e-05,0.00852131,1.01071e-06,-0.00738068,0.0215923,2.12756e-05,0.0140659,0.0199612,0.00783004,0.022081,-0.00922258,-0.00471303,-0.0699443,-1.53874e-05,-0.000217,0.00877652,-0.00367397,-0.000184852,0.00132815,0.00589856,-0.00654285,-6.95816e-07,0.0112799,0.0123274,-0.0338229,-0.0951331],[0.00572399,-2.74916e-06,-4.63731e-06,0.000807549,-5.52592e-07,-0.0040436,-0.00141871,0.00325519,0.00474236,0.00432281,2.86155e-05,0.00548994,-1.04818e-06,-0.0047358,0.0189476,1.49267e-05,0.0117801,0.0163747,0.00575968,0.0185919,-0.00698993,-0.00480078,-0.0729239,2.54904e-05,-0.000199033,0.00790188,-0.00248227,-0.000439041,0.0010159,0.0055341,-0.00455081,-1.60772e-06,0.00991316,0.0110999,-0.0279085,-0.113139],[0.00049906,1.93912e-08,-5.07678e-07,2.84928e-06,-4.24971e-08,-0.000168829,8.24077e-05,0.000151358,4.35982e-05,2.86155e-05,9.1839e-06,0.00135757,4.97215e-08,-0.000366107,0.00044149,-9.40359e-08,0.000429145,0.00120692,0.000823778,0.000575942,0.000525366,0.000950434,0.000211873,-6.94539e-07,-2.71507e-05,0.000384766,-0.000843564,-9.8859e-05,-8.38708e-05,0.000290277,1.00343e-05,-2.01024e-08,0.00034307,-0.000523424,0.000608783,6.4284e-05],[0.0773296,4.28455e-06,-8.48807e-05,0.00148026,-2.1883e-05,-0.0278581,0.00994216,0.0258244,0.00852131,0.00548994,0.00135757,0.219747,1.97094e-05,-0.0576273,0.0740652,-1.73666e-05,0.0709854,0.188211,0.128053,0.0938311,0.0780744,0.141822,0.0282559,-0.000136277,-0.000493561,0.0613044,-0.122131,-0.0103416,-0.00730329,0.0417294,-0.000551583,-3.51479e-06,0.0500493,-0.0700416,0.0825989,0.00232322],[2.52745e-05,1.23219e-07,-4.09677e-08,6.00191e-06,-1.32286e-07,-6.51713e-06,4.08282e-05,1.16614e-05,1.01071e-06,-1.04818e-06,4.97215e-08,1.97094e-05,2.12571e-07,-6.67543e-06,1.05131e-05,5.7197e-08,2.10294e-05,2.47234e-05,2.43724e-05,1.24745e-05,1.52895e-05,7.20162e-06,3.3683e-05,3.94078e-08,8.21988e-08,1.59925e-05,-1.20168e-05,5.56891e-06,-2.28112e-06,-2.7787e-05,3.64929e-06,7.27383e-08,-2.59761e-05,1.33769e-05,1.63027e-05,3.13963e-05],[-0.0149791,-3.94896e-06,2.21203e-05,-0.00150213,8.88996e-06,0.0156003,-0.00483485,-0.00649351,-0.00738068,-0.0047358,-0.000366107,-0.0576273,-6.67543e-06,0.0255786,-0.0280192,2.73022e-05,-0.0219131,-0.0530365,-0.0319097,-0.0319369,-0.00463592,-0.0330419,0.0151769,0.000118675,0.000950361,-0.012828,0.0325571,0.0022878,-0.00098333,-0.00588119,0.00891944,-1.35715e-06,-0.0119589,0.0153573,0.00650939,0.0253898],[0.08002,-1.08111e-05,-6.79375e-05,0.00628557,-7.5938e-06,-0.0261206,-0.00339304,0.0385799,0.0215923,0.0189476,0.00044149,0.0740652,1.05131e-05,-0.0280192,0.155548,-6.78972e-06,0.10555,0.153126,0.0953727,0.133225,0.0274187,0.0136572,-0.266255,2.79598e-05,0.000171114,0.0861577,-0.03992,-0.00309146,0.000806603,0.0678246,-0.0209422,-7.48237e-06,0.0883003,0.0686079,-0.0919302,-0.430193],[2.92746e-05,5.20995e-08,1.09334e-07,4.78618e-06,-6.98494e-08,2.65567e-05,1.42337e-06,1.8958e-05,2.12756e-05,1.49267e-05,-9.40359e-08,-1.73666e-05,5.7197e-08,2.73022e-05,-6.78972e-06,1.02504e-06,3.5326e-06,1.34079e-05,-3.5271e-05,-2.43621e-05,-6.15978e-05,-5.34654e-05,-0.000412158,6.51345e-07,3.22292e-06,1.51042e-05,6.65299e-06,1.02129e-06,-9.74503e-06,-2.86165e-05,2.55897e-05,3.3334e-08,-9.94882e-06,3.72469e-05,-0.00010922,-0.000567073],[0.10331,4.88265e-06,-8.44601e-05,0.00400186,-2.29124e-05,-0.0289413,0.0139975,0.0312043,0.0140659,0.0117801,0.000429145,0.0709854,2.10294e-05,-0.0219131,0.10555,3.5326e-06,0.142388,0.179144,0.13418,0.109775,0.0769501,0.0254666,-0.129327,1.346e-05,0.000116873,0.10884,-0.0390793,-0.00278448,-0.000953737,0.0452817,-0.0108525,-7.29512e-07,0.0588736,0.0912512,-0.0420659,-0.242776],[0.153084,-4.91106e-06,-0.000146848,0.0051105,-3.59641e-05,-0.044558,0.0149564,0.0452384,0.0199612,0.0163747,0.00120692,0.188211,2.47234e-05,-0.0530365,0.153126,1.34079e-05,0.179144,0.374949,0.211508,0.166743,0.124049,0.101435,-0.189125,6.6995e-05,-0.00268907,0.151342,-0.110913,-0.0110063,-0.00841534,0.0667086,-0.00995286,-2.14564e-06,0.0871029,0.0601785,-0.0056609,-0.368259],[0.117369,5.36347e-06,-0.000111357,0.00260724,-3.27696e-05,-0.0309031,0.0217316,0.0334457,0.00783004,0.00575968,0.000823778,0.128053,2.43724e-05,-0.0319097,0.0953727,-3.5271e-05,0.13418,0.211508,0.180434,0.106155,0.117183,0.0798174,0.00836136,-6.43216e-05,-0.000846127,0.115587,-0.0755049,-0.00640113,-0.00627788,0.0436973,-0.00162895,-6.07135e-06,0.0522855,0.0494631,0.0346507,-0.0475771],[0.0885052,-1.35719e-05,-8.2891e-05,0.00726149,-8.2314e-06,-0.0271321,0.00492373,0.0391912,0.022081,0.0185919,0.000575942,0.0938311,1.24745e-05,-0.0319369,0.133225,-2.43621e-05,0.109775,0.166743,0.106155,0.169817,0.0398021,0.028501,-0.229431,1.32275e-05,-0.00058123,0.0910469,-0.0522783,-0.00431509,-0.00148797,0.0770165,-0.0204531,-8.94457e-06,0.0981139,0.0595866,-0.079674,-0.394238],[0.0924537,3.71842e-07,-7.80777e-05,-0.0203967,-1.62558e-05,-0.00855304,0.0117141,0.0139962,-0.00922258,-0.00698993,0.000525366,0.0780744,1.52895e-05,-0.00463592,0.0274187,-6.15978e-05,0.0769501,0.124049,0.117183,0.0398021,0.165739,0.0712124,0.174357,-2.59265e-05,0.000648878,0.076659,-0.0485196,-0.000384255,-0.00903303,0.0299348,0.0141097,-6.22465e-06,0.0247849,0.0279718,0.107169,0.207717],[0.0425592,9.01516e-06,-4.69435e-05,-0.000975213,-5.88323e-06,-0.0120143,0.010227,0.0123825,-0.00471303,-0.00480078,0.000950434,0.141822,7.20162e-06,-0.0330419,0.0136572,-5.34654e-05,0.0254666,0.101435,0.0798174,0.028501,0.0712124,0.125859,0.166224,-0.000134394,0.00147601,0.0271404,-0.0839602,-0.00400703,-0.00614023,0.0208373,0.00863386,2.4379e-06,0.01871,-0.07788,0.123701,0.222637],[-0.0626752,4.69371e-05,8.575e-05,0.0020493,3.40288e-06,0.0177249,0.0195827,-0.0161765,-0.0699443,-0.0729239,0.000211873,0.0282559,3.3683e-05,0.0151769,-0.266255,-0.000412158,-0.129327,-0.189125,0.00836136,-0.229431,0.174357,0.166224,2.40463,-0.00280597,0.00625695,-0.0942331,-0.0175356,0.00701368,-0.00691495,-0.0241557,0.0337893,3.26962e-05,-0.0901531,-0.206873,0.502231,3.28785],[8.3764e-05,4.64487e-08,-3.79425e-08,-3.07066e-05,-4.17171e-08,8.77333e-05,3.15987e-05,-1.4314e-05,-1.53874e-05,2.54904e-05,-6.94539e-07,-0.000136277,3.94078e-08,0.000118675,2.79598e-05,6.51345e-07,1.346e-05,6.6995e-05,-6.43216e-05,1.32275e-05,-2.59265e-05,-0.000134394,-0.00280597,6.99168e-06,-1.8513e-06,6.25874e-05,5.52188e-05,-4.85726e-07,-2.44732e-05,-4.67859e-05,8.93519e-05,1.28917e-08,-4.18705e-05,0.000135402,-6.77153e-05,-0.00409661],[0.00107095,1.74402e-06,4.52834e-06,-0.00189605,-1.01591e-06,0.000789434,-0.00395792,0.000536922,-0.000217,-0.000199033,-2.71507e-05,-0.000493561,8.21988e-08,0.000950361,0.000171114,3.22292e-06,0.000116873,-0.00268907,-0.000846127,-0.00058123,0.000648878,0.00147601,0.00625695,-1.8513e-06,0.0216123,0.000127819,0.00706211,0.00597783,0.00566833,0.000803454,0.000352086,-3.62164e-06,0.001133,0.00325738,0.00414348,0.00945794],[0.0912438,-7.90146e-06,-8.58253e-05,0.0030839,-1.80764e-05,-0.0192972,0.0107169,0.0271093,0.00877652,0.00790188,0.000384766,0.0613044,1.59925e-05,-0.012828,0.0861577,1.51042e-05,0.10884,0.151342,0.115587,0.0910469,0.076659,0.0271404,-0.0942331,6.25874e-05,0.000127819,0.102865,-0.0356283,-0.00312093,-0.0038235,0.0405073,-0.00314554,-5.78692e-06,0.0500911,0.0736823,-0.0166373,-0.187612],[-0.0445525,-2.41609e-06,5.40967e-05,-0.00281831,7.2698e-06,0.0150103,-0.00707986,-0.0153732,-0.00367397,-0.00248227,-0.000843564,-0.122131,-1.20168e-05,0.0325571,-0.03992,6.65299e-06,-0.0390793,-0.110913,-0.0755049,-0.0522783,-0.0485196,-0.0839602,-0.0175356,5.52188e-05,0.00706211,-0.0356283,0.0926823,0.0171584,0.0126691,-0.0257389,-0.00148172,-2.05184e-06,-0.0300992,0.049752,-0.0526026,-0.00171724],[0.000990345,9.1395e-06,8.97163e-06,-0.00520007,-5.3836e-06,0.000653795,0.0012296,-0.00119155,-0.000184852,-0.000439041,-9.8859e-05,-0.0103416,5.56891e-06,0.0022878,-0.00309146,1.02129e-06,-0.00278448,-0.0110063,-0.00640113,-0.00431509,-0.000384255,-0.00400703,0.00701368,-4.85726e-07,0.00597783,-0.00312093,0.0171584,1.01503,0.00732229,-0.00167511,-0.00108669,3.79383e-06,-0.00252136,0.0114548,0.00429927,0.0134685],[-0.00479307,1.16149e-06,8.92806e-06,-0.0013982,-1.20409e-06,-0.00150585,-0.00335636,-0.000313965,0.00132815,0.0010159,-8.38708e-05,-0.00730329,-2.28112e-06,-0.00098333,0.000806603,-9.74503e-06,-0.000953737,-0.00841534,-0.00627788,-0.00148797,-0.00903303,-0.00614023,-0.00691495,-2.44732e-05,0.00566833,-0.0038235,0.0126691,0.00732229,0.0212155,-0.00278777,-0.00328535,-2.6869e-06,-0.00184055,0.0077716,-0.0106873,-0.00779442],[0.0490303,-2.13901e-05,0.000202098,0.00124955,6.30543e-05,-0.00427778,-0.00358146,0.00833115,0.00589856,0.0055341,0.000290277,0.0417294,-2.7787e-05,-0.00588119,0.0678246,-2.86165e-05,0.0452817,0.0667086,0.0436973,0.0770165,0.0299348,0.0208373,-0.0241557,-4.67859e-05,0.000803454,0.0405073,-0.0257389,-0.00167511,-0.00278777,0.368215,-0.0666064,1.05221e-05,0.375089,0.0163997,-0.00993029,-0.0674357],[-0.00154167,9.72914e-07,-4.38418e-05,-0.00161946,-6.31065e-06,0.00826227,-0.00107025,-0.00119242,-0.00654285,-0.00455081,1.00343e-05,-0.000551583,3.64929e-06,0.00891944,-0.0209422,2.55897e-05,-0.0108525,-0.00995286,-0.00162895,-0.0204531,0.0141097,0.00863386,0.0337893,8.93519e-05,0.000352086,-0.00314554,-0.00148172,-0.00108669,-0.00328535,-0.0666064,0.0240746,-3.11766e-05,-0.0750163,-0.0131367,0.0383316,0.0471748],[9.66609e-06,8.94121e-08,1.07809e-07,3.07779e-06,2.6451e-08,-2.2203e-06,5.71032e-05,1.05875e-05,-6.95816e-07,-1.60772e-06,-2.01024e-08,-3.51479e-06,7.27383e-08,-1.35715e-06,-7.48237e-06,3.3334e-08,-7.29512e-07,-2.14564e-06,-6.07135e-06,-8.94457e-06,-6.22465e-06,2.4379e-06,3.26962e-05,1.28917e-08,-3.62164e-06,-5.78692e-06,-2.05184e-06,3.79383e-06,-2.6869e-06,1.05221e-05,-3.11766e-05,1.28371e-06,-2.08287e-05,-2.41468e-06,1.44522e-05,3.83987e-05],[0.0566375,-1.89306e-05,0.000205468,0.00184362,5.40667e-05,-0.00933255,-0.00166027,0.012159,0.0112799,0.00991316,0.00034307,0.0500493,-2.59761e-05,-0.0119589,0.0883003,-9.94882e-06,0.0588736,0.0871029,0.0522855,0.0981139,0.0247849,0.01871,-0.0901531,-4.18705e-05,0.001133,0.0500911,-0.0300992,-0.00252136,-0.00184055,0.375089,-0.0750163,-2.08287e-05,0.428269,0.0276048,-0.0372104,-0.166021],[0.0638891,-1.30501e-05,-4.1529e-05,-0.0123556,-1.72193e-05,-0.0119606,0.00590943,0.0172055,0.0123274,0.0110999,-0.000523424,-0.0700416,1.33769e-05,0.0153573,0.0686079,3.72469e-05,0.0912512,0.0601785,0.0494631,0.0595866,0.0279718,-0.07788,-0.206873,0.000135402,0.00325738,0.0736823,0.049752,0.0114548,0.0077716,0.0163997,-0.0131367,-2.41468e-06,0.0276048,0.172224,-0.120275,-0.333328],[0.00707998,3.10967e-05,-5.74861e-06,-0.00937235,-5.11755e-06,0.0181375,0.0124667,-0.00517122,-0.0338229,-0.0279085,0.000608783,0.0825989,1.63027e-05,0.00650939,-0.0919302,-0.00010922,-0.0420659,-0.0056609,0.0346507,-0.079674,0.107169,0.123701,0.502231,-6.77153e-05,0.00414348,-0.0166373,-0.0526026,0.00429927,-0.0106873,-0.00993029,0.0383316,1.44522e-05,-0.0372104,-0.120275,0.312945,0.693442],[-0.147767,5.95513e-05,0.000139995,0.00426813,1.53746e-05,0.0316098,0.0327166,-0.0428886,-0.0951331,-0.113139,6.4284e-05,0.00232322,3.13963e-05,0.0253898,-0.430193,-0.000567073,-0.242776,-0.368259,-0.0475771,-0.394238,0.207717,0.222637,3.28785,-0.00409661,0.00945794,-0.187612,-0.00171724,0.0134685,-0.00779442,-0.0674357,0.0471748,3.83987e-05,-0.166021,-0.333328,0.693442,5.4248]]
vc = Matrix(36,names,values)
BIOGEME_OBJECT.VARCOVAR = vc
