# This file has automatically been generated
# biogeme 2.4 [Jeu 28 aoû 2014 16:02:53 CEST]
# <a href='http://people.epfl.ch/michel.bierlaire'>Michel Bierlaire</a>, <a href='http://transp-or.epfl.ch'>Transport and Mobility Laboratory</a>, <a href='http://www.epfl.ch'>Ecole Polytechnique F&eacute;d&eacute;rale de Lausanne (EPFL)</a>
# Tue Sep  1 20:02:32 2015</p>
#
ASC_KLE = Beta('ASC_KLE',-3.34026,-100,100,0,'ASC_KLE' )

BETA_DISTANCE_LUNCH_CAF = Beta('BETA_DISTANCE_LUNCH_CAF',-0.00419332,-100,100,0,'BETA_DISTANCE_LUNCH_CAF' )

ALPHA_FIRST_LUNCH_CHOICE = Beta('ALPHA_FIRST_LUNCH_CHOICE',1.05376,-100,100,0,'ALPHA_FIRST_LUNCH_CHOICE' )

ALPHA_FIRST_MORNING_CHOICE = Beta('ALPHA_FIRST_MORNING_CHOICE',1.18302,-100,100,0,'ALPHA_FIRST_MORNING_CHOICE' )

ALPHA_MOST_CHOSEN_LUNCH = Beta('ALPHA_MOST_CHOSEN_LUNCH',0,-100,100,1,'ALPHA_MOST_CHOSEN_LUNCH' )

ALPHA_MOST_CHOSEN_MORNING = Beta('ALPHA_MOST_CHOSEN_MORNING',0,-100,100,1,'ALPHA_MOST_CHOSEN_MORNING' )

RHO_PREVIOUS_MORNING_CHOICE = Beta('RHO_PREVIOUS_MORNING_CHOICE',0.450259,-100,100,0,'RHO_PREVIOUS_MORNING_CHOICE' )

RHO_PREVIOUS_LUNCH_CHOICE = Beta('RHO_PREVIOUS_LUNCH_CHOICE',0.444104,-100,100,0,'RHO_PREVIOUS_LUNCH_CHOICE' )

BETA_DISTANCE_MORNING = Beta('BETA_DISTANCE_MORNING',-0.00380687,-100,100,0,'BETA_DISTANCE_MORNING' )

BETA_TAP_BEER_AFTER_LUNCH = Beta('BETA_TAP_BEER_AFTER_LUNCH',0.915039,-100,100,0,'BETA_TAP_BEER_AFTER_LUNCH' )

BETA_DISTANCE_AFTERNOON = Beta('BETA_DISTANCE_AFTERNOON',-0.000830375,-100,100,0,'BETA_DISTANCE_AFTERNOON' )

BETA_EVALUATION_CAFET = Beta('BETA_EVALUATION_CAFET',1.85716,-100,100,0,'BETA_EVALUATION_CAFET' )

BETA_NO_DISTANCE_AV = Beta('BETA_NO_DISTANCE_AV',-3.53602,-100,100,0,'BETA_NO_DISTANCE_AV' )

BETA_DINNER = Beta('BETA_DINNER',0.630623,-100,100,0,'BETA_DINNER' )

BETA_PRICE_STUDENT = Beta('BETA_PRICE_STUDENT',-0.340066,-100,100,0,'BETA_PRICE_STUDENT' )

BETA_PRICE_EMPLOYEE = Beta('BETA_PRICE_EMPLOYEE',-0.203227,-100,100,0,'BETA_PRICE_EMPLOYEE' )

BETA_METEO_TERRACE = Beta('BETA_METEO_TERRACE',0,-100,100,1,'BETA_METEO_TERRACE' )

BETA_CAPACITY_INSIDE = Beta('BETA_CAPACITY_INSIDE',0.0122322,-100,100,0,'BETA_CAPACITY_INSIDE' )

SIGMA_LUNCH_KLE = Beta('SIGMA_LUNCH_KLE',-2.1543,-100,100,0,'SIGMA_LUNCH_KLE' )

SIGMA_MORNING_KLE = Beta('SIGMA_MORNING_KLE',-1.08926,-100,100,0,'SIGMA_MORNING_KLE' )

ALPHA_FREQUENCY_LUNCH = Beta('ALPHA_FREQUENCY_LUNCH',0.356484,-100,100,0,'ALPHA_FREQUENCY_LUNCH' )

ALPHA_FREQUENCY_MORNING = Beta('ALPHA_FREQUENCY_MORNING',0.443246,-100,100,0,'ALPHA_FREQUENCY_MORNING' )

ASC_BC = Beta('ASC_BC',-0.631436,-100,100,0,'ASC_BC' )

BETA_DISTANCE_LUNCH_SELF = Beta('BETA_DISTANCE_LUNCH_SELF',-0.00399204,-100,100,0,'BETA_DISTANCE_LUNCH_SELF' )

BETA_EVALUATION_SELF = Beta('BETA_EVALUATION_SELF',1.9524,-100,100,0,'BETA_EVALUATION_SELF' )

SIGMA_LUNCH_BC = Beta('SIGMA_LUNCH_BC',-2.34877,-100,100,0,'SIGMA_LUNCH_BC' )

SIGMA_MORNING_BC = Beta('SIGMA_MORNING_BC',-2.03881,-100,100,0,'SIGMA_MORNING_BC' )

ASC_BM  = Beta('ASC_BM ',-0.0940139,-100,100,0,'ASC_BM ' )

SIGMA_LUNCH_BM = Beta('SIGMA_LUNCH_BM',-2.77797,-100,100,0,'SIGMA_LUNCH_BM' )

SIGMA_MORNING_BM = Beta('SIGMA_MORNING_BM',-0.325733,-100,100,0,'SIGMA_MORNING_BM' )

BETA_DISTANCE_LUNCH_OTHER = Beta('BETA_DISTANCE_LUNCH_OTHER',-0.000357552,-100,100,0,'BETA_DISTANCE_LUNCH_OTHER' )

ASC_ELA  = Beta('ASC_ELA ',-0.782177,-100,100,0,'ASC_ELA ' )

SIGMA_LUNCH_ELA = Beta('SIGMA_LUNCH_ELA',-0.977829,-100,100,0,'SIGMA_LUNCH_ELA' )

SIGMA_MORNING_ELA = Beta('SIGMA_MORNING_ELA',-0.809092,-100,100,0,'SIGMA_MORNING_ELA' )

ASC_INM  = Beta('ASC_INM ',-1.90399,-100,100,0,'ASC_INM ' )

SIGMA_LUNCH_INM  = Beta('SIGMA_LUNCH_INM ',1.69622,-100,100,0,'SIGMA_LUNCH_INM ' )

SIGMA_MORNING_INM  = Beta('SIGMA_MORNING_INM ',1.48873,-100,100,0,'SIGMA_MORNING_INM ' )

ASC_MX  = Beta('ASC_MX ',-1.68804,-100,100,0,'ASC_MX ' )

SIGMA_LUNCH_MX  = Beta('SIGMA_LUNCH_MX ',2.28233,-100,100,0,'SIGMA_LUNCH_MX ' )

SIGMA_MORNING_MX  = Beta('SIGMA_MORNING_MX ',-0.587631,-100,100,0,'SIGMA_MORNING_MX ' )

ASC_PH  = Beta('ASC_PH ',0.424589,-100,100,0,'ASC_PH ' )

SIGMA_LUNCH_PH  = Beta('SIGMA_LUNCH_PH ',3.80429,-100,100,0,'SIGMA_LUNCH_PH ' )

SIGMA_MORNING_PH  = Beta('SIGMA_MORNING_PH ',0.27193,-100,100,0,'SIGMA_MORNING_PH ' )

ASC_ARC = Beta('ASC_ARC',-2.48821,-100,100,0,'ASC_ARC' )

SIGMA_LUNCH_ARC = Beta('SIGMA_LUNCH_ARC',2.74285,-100,100,0,'SIGMA_LUNCH_ARC' )

SIGMA_MORNING_ARC = Beta('SIGMA_MORNING_ARC',1.42445,-100,100,0,'SIGMA_MORNING_ARC' )

ASC_ATL  = Beta('ASC_ATL ',-0.996098,-100,100,0,'ASC_ATL ' )

SIGMA_LUNCH_ATL  = Beta('SIGMA_LUNCH_ATL ',-1.60194,-100,100,0,'SIGMA_LUNCH_ATL ' )

SIGMA_MORNING_ATL  = Beta('SIGMA_MORNING_ATL ',-1.10988,-100,100,0,'SIGMA_MORNING_ATL ' )

ASC_COP = Beta('ASC_COP',5.26834,-100,100,0,'ASC_COP' )

BETA_DISTANCE_LUNCH_REST = Beta('BETA_DISTANCE_LUNCH_REST',-0.000705033,-100,100,0,'BETA_DISTANCE_LUNCH_REST' )

SIGMA_LUNCH_COP = Beta('SIGMA_LUNCH_COP',3.68908,-100,100,0,'SIGMA_LUNCH_COP' )

SIGMA_MORNING_COP = Beta('SIGMA_MORNING_COP',-5.53711,-100,100,0,'SIGMA_MORNING_COP' )

ASC_COR  = Beta('ASC_COR ',-0.472547,-100,100,0,'ASC_COR ' )

SIGMA_LUNCH_COR  = Beta('SIGMA_LUNCH_COR ',0.749589,-100,100,0,'SIGMA_LUNCH_COR ' )

SIGMA_MORNING_COR  = Beta('SIGMA_MORNING_COR ',-2.20967,-100,100,0,'SIGMA_MORNING_COR ' )

ASC_GIA  = Beta('ASC_GIA ',0.935669,-100,100,0,'ASC_GIA ' )

SIGMA_LUNCH_GIA  = Beta('SIGMA_LUNCH_GIA ',-0.949834,-100,100,0,'SIGMA_LUNCH_GIA ' )

SIGMA_MORNING_GIA  = Beta('SIGMA_MORNING_GIA ',-0.378673,-100,100,0,'SIGMA_MORNING_GIA ' )

ASC_PAR  = Beta('ASC_PAR ',-1.82619,-100,100,0,'ASC_PAR ' )

SIGMA_LUNCH_PAR  = Beta('SIGMA_LUNCH_PAR ',-1.27899,-100,100,0,'SIGMA_LUNCH_PAR ' )

SIGMA_MORNING_PAR  = Beta('SIGMA_MORNING_PAR ',-2.75515,-100,100,0,'SIGMA_MORNING_PAR ' )

ASC_VIN = Beta('ASC_VIN',-5.1502,-100,100,0,'ASC_VIN' )

SIGMA_LUNCH_VIN = Beta('SIGMA_LUNCH_VIN',-1.29458,-100,100,0,'SIGMA_LUNCH_VIN' )

SIGMA_MORNING_VIN = Beta('SIGMA_MORNING_VIN',-0.263576,-100,100,0,'SIGMA_MORNING_VIN' )

ASC_ESP  = Beta('ASC_ESP ',0,-100,100,1,'ASC_ESP ' )

SIGMA_LUNCH_ESP  = Beta('SIGMA_LUNCH_ESP ',0,-100,100,1,'SIGMA_LUNCH_ESP ' )

SIGMA_MORNING_ESP  = Beta('SIGMA_MORNING_ESP ',0,-100,100,1,'SIGMA_MORNING_ESP ' )

ASC_ORN  = Beta('ASC_ORN ',-1.28027,-100,100,0,'ASC_ORN ' )

SIGMA_LUNCH_ORN  = Beta('SIGMA_LUNCH_ORN ',0.478922,-100,100,0,'SIGMA_LUNCH_ORN ' )

SIGMA_MORNING_ORN  = Beta('SIGMA_MORNING_ORN ',-0.235436,-100,100,0,'SIGMA_MORNING_ORN ' )

ASC_PIZ  = Beta('ASC_PIZ ',-2.14113,-100,100,0,'ASC_PIZ ' )

SIGMA_LUNCH_PIZ  = Beta('SIGMA_LUNCH_PIZ ',-1.57621,-100,100,0,'SIGMA_LUNCH_PIZ ' )

SIGMA_MORNING_PIZ  = Beta('SIGMA_MORNING_PIZ ',1.96879,-100,100,0,'SIGMA_MORNING_PIZ ' )

BETA_EVALUATION_FAS_FOOD = Beta('BETA_EVALUATION_FAS_FOOD',2.50987,-100,100,0,'BETA_EVALUATION_FAS_FOOD' )

BETA_DISTANCE_LUNCH_FASTFOOD = Beta('BETA_DISTANCE_LUNCH_FASTFOOD',-0.00642152,-100,100,0,'BETA_DISTANCE_LUNCH_FASTFOOD' )

ASC_KEB  = Beta('ASC_KEB ',-2.22942,-100,100,0,'ASC_KEB ' )

SIGMA_LUNCH_KEB  = Beta('SIGMA_LUNCH_KEB ',0.890644,-100,100,0,'SIGMA_LUNCH_KEB ' )

SIGMA_MORNING_KEB  = Beta('SIGMA_MORNING_KEB ',1.32413,-100,100,0,'SIGMA_MORNING_KEB ' )

ASC_SAT  = Beta('ASC_SAT ',-2.56417,-100,100,0,'ASC_SAT ' )

SIGMA_LUNCH_SAT  = Beta('SIGMA_LUNCH_SAT ',1.35451,-100,100,0,'SIGMA_LUNCH_SAT ' )

SIGMA_MORNING_SAT  = Beta('SIGMA_MORNING_SAT ',2.75251,-100,100,0,'SIGMA_MORNING_SAT ' )

ASC_HOD  = Beta('ASC_HOD ',2.23741,-100,100,0,'ASC_HOD ' )

SIGMA_LUNCH_HOD  = Beta('SIGMA_LUNCH_HOD ',-0.24877,-100,100,0,'SIGMA_LUNCH_HOD ' )

SIGMA_MORNING_HOD  = Beta('SIGMA_MORNING_HOD ',1.62825,-100,100,0,'SIGMA_MORNING_HOD ' )

ASC_VAL  = Beta('ASC_VAL ',1.0092,-100,100,0,'ASC_VAL ' )

SIGMA_LUNCH_VAL  = Beta('SIGMA_LUNCH_VAL ',5.65897,-100,100,0,'SIGMA_LUNCH_VAL ' )

SIGMA_MORNING_VAL  = Beta('SIGMA_MORNING_VAL ',-1.15366,-100,100,0,'SIGMA_MORNING_VAL ' )


## Code for the sensitivity analysis
names = ['ASC_KLE','BETA_DISTANCE_LUNCH_CAF','ALPHA_FIRST_LUNCH_CHOICE','ALPHA_FIRST_MORNING_CHOICE','RHO_PREVIOUS_MORNING_CHOICE','RHO_PREVIOUS_LUNCH_CHOICE','BETA_DISTANCE_MORNING','BETA_TAP_BEER_AFTER_LUNCH','BETA_DISTANCE_AFTERNOON','BETA_EVALUATION_CAFET','BETA_NO_DISTANCE_AV','BETA_DINNER','BETA_PRICE_STUDENT','BETA_PRICE_EMPLOYEE','BETA_CAPACITY_INSIDE','SIGMA_LUNCH_KLE','SIGMA_MORNING_KLE','ALPHA_FREQUENCY_LUNCH','ALPHA_FREQUENCY_MORNING','ASC_BC','BETA_DISTANCE_LUNCH_SELF','BETA_EVALUATION_SELF','SIGMA_LUNCH_BC','SIGMA_MORNING_BC','ASC_BM ','SIGMA_LUNCH_BM','SIGMA_MORNING_BM','BETA_DISTANCE_LUNCH_OTHER','ASC_ELA ','SIGMA_LUNCH_ELA','SIGMA_MORNING_ELA','ASC_INM ','SIGMA_LUNCH_INM ','SIGMA_MORNING_INM ','ASC_MX ','SIGMA_LUNCH_MX ','SIGMA_MORNING_MX ','ASC_PH ','SIGMA_LUNCH_PH ','SIGMA_MORNING_PH ','ASC_ARC','SIGMA_LUNCH_ARC','SIGMA_MORNING_ARC','ASC_ATL ','SIGMA_LUNCH_ATL ','SIGMA_MORNING_ATL ','ASC_COP','BETA_DISTANCE_LUNCH_REST','SIGMA_LUNCH_COP','SIGMA_MORNING_COP','ASC_COR ','SIGMA_LUNCH_COR ','SIGMA_MORNING_COR ','ASC_GIA ','SIGMA_LUNCH_GIA ','SIGMA_MORNING_GIA ','ASC_PAR ','SIGMA_LUNCH_PAR ','SIGMA_MORNING_PAR ','ASC_VIN','SIGMA_LUNCH_VIN','SIGMA_MORNING_VIN','ASC_ORN ','SIGMA_LUNCH_ORN ','SIGMA_MORNING_ORN ','ASC_PIZ ','SIGMA_LUNCH_PIZ ','SIGMA_MORNING_PIZ ','BETA_EVALUATION_FAS_FOOD','BETA_DISTANCE_LUNCH_FASTFOOD','ASC_KEB ','SIGMA_LUNCH_KEB ','SIGMA_MORNING_KEB ','ASC_SAT ','SIGMA_LUNCH_SAT ','SIGMA_MORNING_SAT ','ASC_HOD ','SIGMA_LUNCH_HOD ','SIGMA_MORNING_HOD ','ASC_VAL ','SIGMA_LUNCH_VAL ','SIGMA_MORNING_VAL ']
values = [[2.97634,0.000105156,0.00617042,0.031376,-0.0857355,-0.0151289,-8.87798e-05,-0.159917,-4.70634e-05,0.0626931,0.0334608,0.14688,-0.0189197,-0.0170933,0.0006591,1.5121,2.41503,0.00314766,0.0287645,0.205321,5.25893e-05,0.0898888,0.087985,0.021892,0.130854,0.0381962,0.0157123,0.000165826,0.133134,0.00606632,-0.0882154,0.113386,0.0892497,-0.0540936,-0.0035818,0.15836,0.0410655,0.0686665,0.131105,0.0367856,0.514701,-0.04906,-0.136363,-0.0447606,-0.11598,-0.0339884,-0.115586,0.000154108,0.399548,-0.252827,-0.0394719,0.0471294,0.00179243,0.149358,-0.0318774,0.0361354,-0.0253348,0.00506045,-0.0382784,-0.0867303,-0.00977129,0.00191866,-0.0685213,0.0843609,-0.00458291,0.0873886,-0.0029913,0.00694716,0.0925887,-4.16397e-05,0.167526,-0.104356,0.07359,0.136189,-0.1017,0.00597479,0.304564,0.455649,0.750924,-0.18778,0.231313,-0.012176],[0.000105156,5.44548e-07,-1.09207e-05,-1.95831e-05,-1.79431e-05,1.21099e-05,1.74358e-07,-9.47652e-06,4.90129e-10,-2.482e-05,0.000202144,3.88503e-05,-1.23602e-05,-6.90656e-06,6.44997e-07,8.25501e-05,0.000302716,-4.5481e-05,-2.06587e-05,0.000144719,1.25302e-07,-2.65041e-05,-9.64944e-06,0.00015762,1.95445e-05,2.42765e-05,-3.81012e-05,7.48048e-08,3.53412e-05,-1.63239e-05,4.62465e-05,-5.76482e-05,0.000116438,8.16504e-05,1.70536e-05,0.000114284,2.96143e-05,-7.24263e-06,4.16901e-05,-6.91418e-06,-0.000264684,0.000240719,0.000103803,8.77275e-05,-7.41691e-05,6.79377e-05,0.00030183,2.9118e-09,-0.000130333,-0.000153995,-3.78497e-05,4.47178e-05,-0.000140558,1.36351e-05,-5.51712e-05,-7.01033e-05,-2.3716e-05,-4.27298e-05,-7.50685e-05,0.000133732,7.10151e-06,-7.29292e-05,-9.4583e-05,0.000217283,-2.24315e-05,0.000332844,6.0185e-05,-0.000155391,-4.24188e-05,8.93707e-08,0.000310453,-9.12703e-05,0.000138431,-0.000224649,7.69738e-05,0.000138139,0.000121809,8.87831e-05,0.00015269,3.40974e-05,2.9064e-05,-4.33166e-05],[0.00617042,-1.09207e-05,0.0523497,0.00162339,0.0136755,-0.00548032,-3.9907e-05,-0.0236141,-3.29453e-05,0.025257,0.0008239,-0.00298195,0.000423123,-0.0012309,-0.000492362,0.0045032,0.00263804,0.00419379,0.00471529,-0.0798118,7.34051e-06,0.0360857,0.0341737,-0.072615,-0.0555779,-0.0517774,-0.00913103,1.96288e-05,-0.037686,0.0104728,-0.0471326,-0.0371627,-0.0313588,-0.0499638,-0.0535643,-0.016275,0.00467996,-0.0316214,0.0167053,-0.00181121,0.0570553,-0.0717237,-0.0542396,-0.0668953,0.0158325,-0.00514781,-0.192998,6.54021e-05,0.150351,0.0360853,0.00602985,-0.00329975,0.073356,-0.0284909,0.00473896,0.0302722,0.0307785,0.0146237,0.0461469,-0.00381974,0.000576293,0.0186949,0.0165658,-0.0838209,-0.00720695,-0.0692389,-0.0106038,-0.0120275,0.0203704,1.65619e-05,-0.079321,0.0396202,-0.0466235,0.0786981,-0.00659692,-0.0647788,-0.0377883,0.0388487,0.0142228,-0.0643492,0.0510803,0.0282192],[0.031376,-1.95831e-05,0.00162339,0.105499,-0.0240246,-0.0076047,-3.67463e-05,-0.0133969,-2.97202e-05,-0.0029852,-0.00017017,-0.00379895,-0.00147681,-0.000912213,0.000115786,-0.00180686,-0.0187321,0.00456588,-0.0245065,0.044752,8.81405e-06,-0.00278956,0.0119535,-0.00137451,0.0405567,0.00800145,-0.000292794,-7.07939e-06,0.00417325,-0.0133642,-0.0234559,0.0630467,-0.00539893,-0.00977107,0.0503103,-0.0202179,0.0103254,0.028498,-0.0102424,0.00402145,0.103025,-0.0417515,0.0186909,0.064803,0.0230059,0.0383742,0.047992,-3.14657e-07,-0.0197069,-0.0487724,0.0190712,-0.00243774,0.00916125,0.0323163,0.0174394,0.0252039,0.00495357,0.00595668,-0.00636457,0.000768218,-0.00291268,0.000556672,0.0154124,-0.0125979,0.00391533,-0.0250853,-0.00940439,0.0441425,0.00918432,-8.28814e-06,-0.0293567,0.00303999,0.0198221,0.0498968,-0.0152003,-0.0275245,0.0250248,-0.0181447,0.0340541,-0.0231703,0.0321481,0.00740908],[-0.0857355,-1.79431e-05,0.0136755,-0.0240246,0.0911798,0.00520852,-5.05254e-05,-0.00554919,-1.37467e-05,0.0164029,-0.0166296,-0.0380921,0.000426631,-0.000785332,-0.000274909,-0.0316003,-0.0335346,-0.000457524,-0.0101617,-0.0275157,-5.07614e-07,0.0192479,0.0393635,0.0628684,-0.0572551,-0.0306592,-0.0205713,3.45634e-05,-0.0274395,0.0127218,0.00483115,-0.0393791,-0.011773,-0.0131127,-0.0412863,-0.0270554,-0.000736331,-0.0296498,-0.00463356,-0.00246396,0.0450463,-0.0589387,-0.061386,-0.050847,0.00396425,-0.00978863,-0.127755,5.97763e-05,0.0946802,-0.02619,-0.00537071,-0.00910381,0.0310679,-0.0311288,0.0151371,0.00323478,0.00572893,-0.00453517,0.0337984,0.0170056,-0.00476231,-0.00782149,-0.015201,-0.00680302,0.00904357,-0.0832163,0.00299973,0.0220733,0.019723,6.208e-06,-0.10083,0.0237441,-0.00342608,0.0180494,0.00840812,-0.0585084,-0.0448416,-0.0346654,-0.0215119,-0.073408,0.0489745,0.00553609],[-0.0151289,1.21099e-05,-0.00548032,-0.0076047,0.00520852,0.0346473,5.93049e-06,-0.00762466,4.77734e-05,0.00833656,-0.000586597,0.00591465,-0.000589306,-0.00118286,-6.79449e-05,-0.0178287,-0.0255071,-0.0196336,0.00255183,-0.0388126,3.398e-06,0.0117091,-0.0299669,-0.0207071,-0.00347757,-0.0033216,0.00990025,7.13471e-06,0.00557304,0.0141948,0.0134979,-0.0238372,-0.000654411,-0.00512544,0.0172879,-0.0300146,0.00409757,-0.00468151,0.00411164,0.00178945,0.0104141,0.000822126,-0.021292,-0.0372906,-0.00680694,-0.00364417,-0.0411922,5.64509e-05,0.0430405,-0.00768241,-0.00632669,-0.00409357,0.00666127,-0.00766977,-0.00509236,-0.000394786,0.0036526,0.00181475,-0.00977174,0.0911262,-0.00361655,-0.031312,-0.0100211,0.00244454,0.00604511,0.015768,0.0117999,-0.00216349,0.004426,5.46905e-05,0.0185566,-0.0112226,0.00614079,-0.000836356,0.00813079,0.00557229,-0.00462961,-0.0290122,0.0158737,-0.00607825,0.0251447,-9.95472e-05],[-8.87798e-05,1.74358e-07,-3.9907e-05,-3.67463e-05,-5.05254e-05,5.93049e-06,1.15771e-06,-4.69448e-05,1.03082e-08,-2.86164e-05,0.000116876,2.98964e-05,6.04297e-06,1.3375e-05,7.17653e-07,-4.56699e-05,4.06742e-05,-5.90517e-06,6.18014e-05,0.000192294,-1.01746e-07,-4.32258e-05,7.86324e-05,0.000254531,6.28585e-05,6.97858e-05,6.33514e-06,-7.92767e-08,4.31734e-05,1.00102e-05,-1.70961e-05,3.37864e-05,5.24044e-05,2.70303e-05,0.000156063,-6.13083e-05,5.3327e-05,3.86893e-05,4.28891e-05,-6.07864e-05,8.65404e-05,1.29432e-05,1.55109e-06,6.30934e-05,-4.92819e-06,5.4542e-05,0.000132214,-2.46637e-07,-0.000183927,1.20639e-06,-1.44284e-05,1.5329e-05,-0.000148574,4.73636e-05,8.40841e-06,-9.07921e-06,-8.56759e-05,1.77386e-05,-0.000341433,5.30272e-05,-3.27605e-06,5.85817e-05,-3.92983e-05,0.00014183,1.87729e-05,0.000654976,-2.80839e-05,-0.000137836,-0.000146659,7.43183e-08,0.00077493,-5.90004e-05,2.29731e-05,-6.84369e-05,-1.69287e-05,5.43798e-06,-2.59765e-05,-9.5992e-05,-0.000136506,-1.95991e-05,-8.42701e-05,-3.95126e-05],[-0.159917,-9.47652e-06,-0.0236141,-0.0133969,-0.00554919,-0.00762466,-4.69448e-05,0.142414,-7.40613e-06,-0.0365306,-0.0212167,0.0300215,0.0116579,0.0114302,0.000699416,-0.0707382,-0.0695408,-0.01223,-0.0111997,0.0980996,1.17673e-07,-0.0516883,-0.0421637,0.024695,0.0561883,0.00173871,0.0511775,-1.87579e-05,0.0699305,-0.0215013,0.0321528,0.0909252,0.0212051,0.0549446,0.067852,0.0232992,-0.0110145,0.0373347,0.0249462,-0.00221915,-0.300233,0.15529,0.128655,0.0688163,-0.000577862,-0.00860625,0.134482,-0.000163985,-0.184187,0.0797495,-0.0146482,0.00756333,-0.0752193,0.0480911,-0.0131102,-0.0231914,-0.0614727,-0.0159407,-0.0653909,0.0111708,0.0187088,-0.0170162,-0.0294167,0.0780457,-0.00674114,-0.00701972,0.00219988,0.0488873,-0.0145866,-9.50855e-06,0.0147821,-0.0280831,0.0250775,-0.1265,0.0479368,0.136439,-0.0199683,-0.0217072,-0.0822915,0.0769704,-0.153044,0.0191901],[-4.70634e-05,4.90129e-10,-3.29453e-05,-2.97202e-05,-1.37467e-05,4.77734e-05,1.03082e-08,-7.40613e-06,4.58575e-07,2.65523e-06,2.27517e-05,5.93202e-05,-8.96321e-06,-7.75267e-06,-3.27012e-07,6.06549e-05,6.73745e-05,-3.77093e-05,1.37244e-05,-0.000178576,-3.16204e-08,-1.14153e-06,-0.000126893,-4.03019e-05,-4.40614e-05,1.65295e-05,-8.3786e-07,-7.01718e-08,-5.48766e-05,1.15138e-05,4.23905e-05,-0.000183794,6.93899e-05,3.98628e-05,-9.77569e-05,5.74945e-06,-6.48571e-06,-7.20176e-05,-4.0192e-05,8.22389e-06,-0.000251814,0.000119859,5.40168e-05,-7.49935e-05,-4.56701e-05,2.53021e-05,8.45439e-05,1.38574e-07,-6.29482e-05,1.88245e-05,-6.84128e-06,-4.54575e-06,-4.35332e-05,-9.57979e-05,-4.21029e-05,-3.69111e-05,5.2225e-05,-5.74918e-06,0.000167782,0.000202001,-1.81272e-05,-7.80582e-05,-7.42973e-06,2.94912e-05,3.35318e-05,0.000110974,2.3418e-05,-7.61157e-07,-3.92866e-05,3.17478e-07,0.000102332,-3.48336e-05,1.27186e-05,-0.000101663,-6.81667e-06,8.58251e-05,7.33744e-05,7.19052e-05,4.06073e-05,7.36141e-05,-3.11761e-05,-7.4853e-06],[0.0626931,-2.482e-05,0.025257,-0.0029852,0.0164029,0.00833656,-2.86164e-05,-0.0365306,2.65523e-06,0.0887746,-0.00184747,-0.0244271,-0.0135737,-0.0143091,-0.00100587,0.0206751,0.000435843,0.00369299,0.0214367,-0.190403,-2.6598e-06,0.120797,0.00944577,-0.0739611,-0.0618738,-0.0928032,-0.0223507,4.10153e-05,-0.0624344,0.0305123,-0.0781523,-0.0978823,-0.0545046,-0.068739,-0.108205,0.00473363,0.00847096,-0.0308435,0.0622692,-0.00703731,0.132186,-0.0848733,-0.134807,-0.136038,0.0108415,-0.00442131,-0.250069,0.000142679,0.456399,-0.080609,0.015538,-0.0101496,0.0941668,-0.025386,0.00571967,0.0397377,0.0726093,0.0191818,-0.00114736,0.0180919,-0.00197201,0.0276281,0.0191402,-0.116155,0.00614637,-0.0211961,-0.00893233,-0.0736943,0.0667352,3.75103e-05,-0.0371409,0.0362506,-0.0652681,0.123827,-0.0309636,-0.115942,0.00615909,0.029154,0.0321456,-0.112433,0.276884,0.0215558],[0.0334608,0.000202144,0.0008239,-0.00017017,-0.0166296,-0.000586597,0.000116876,-0.0212167,2.27517e-05,-0.00184747,0.25295,0.0383239,-0.0125771,-0.0124859,-0.000122147,0.0698999,0.210038,-0.0102029,-0.0067008,0.0479319,6.6799e-05,0.00358417,0.0423079,0.0714229,-0.0132509,0.0315202,-0.0406079,4.05754e-05,-0.0333429,-0.0106197,-0.00818557,-0.0859028,0.064639,0.0312275,-0.0305342,0.116987,0.0238937,-0.0373622,-0.00120577,0.0120249,-0.1961,0.141193,0.0847578,0.0144009,-0.0392448,0.0345016,0.178393,0.00013584,-0.0418693,-0.128349,-0.0406022,0.0247967,-0.102339,-0.0379593,-0.0347777,-0.0261388,0.0298642,-0.0195079,0.0309086,0.0110819,0.00598025,-0.0217694,-0.050268,0.104482,-0.0688976,0.0962062,0.0496541,-0.0017612,-0.00258392,6.26426e-05,0.0230614,-0.0347091,0.149771,-0.0730909,0.0106799,0.0614527,0.0836706,0.133882,0.152291,0.00210141,0.051416,-0.0218011],[0.14688,3.88503e-05,-0.00298195,-0.00379895,-0.0380921,0.00591465,2.98964e-05,0.0300215,5.93202e-05,-0.0244271,0.0383239,0.235696,-0.00360382,-0.0016979,0.000934121,0.0601484,0.120757,-0.0254701,-0.0223632,0.113673,-1.95859e-05,-0.0349216,-0.0517828,0.0892368,0.0998492,0.0752019,0.0597383,-3.57749e-05,0.0770179,-0.0252522,0.0600542,0.00704331,0.132101,0.0124712,0.0430968,0.0772286,-0.00263139,0.0227794,0.0405404,0.0440283,-0.119787,0.172406,0.0917655,0.0624599,-0.0731432,0.0358586,0.107561,9.34667e-05,-0.0979098,-0.0389549,-0.0551431,0.0365109,-0.16119,0.0448622,-0.0501111,-0.0532169,-0.0686694,-0.0269282,0.00327766,-0.00495833,-0.015398,-0.0493514,-0.0845002,0.142416,-0.0274363,0.039667,0.0273933,0.0450357,0.00751062,-2.73015e-05,0.0749968,-0.0970229,0.121388,-0.130078,-0.000816419,0.196443,0.146449,0.154626,0.0881619,0.0896701,-0.0795113,-0.00355203],[-0.0189197,-1.23602e-05,0.000423123,-0.00147681,0.000426631,-0.000589306,6.04297e-06,0.0116579,-8.96321e-06,-0.0135737,-0.0125771,-0.00360382,0.0120642,0.0108094,0.000237795,-0.0157257,-0.0208658,0.00153055,-0.000834645,0.0319801,-6.78421e-06,-0.0217176,-0.00238694,-0.00972308,0.0114986,-0.0201232,0.0238729,-2.58933e-06,0.0219725,-0.000967019,0.00799048,0.0468712,-0.00610162,0.00231021,0.0305204,-0.0220562,-0.000499785,0.010601,0.0305763,-0.00488236,-0.0364933,0.000837522,0.022183,0.00393893,0.0109328,-0.0125651,-0.0564311,-8.31243e-05,-0.0712845,0.0690962,0.00266346,-0.00475817,0.00692081,0.0106561,0.000970146,0.000579023,-0.0290238,0.00769448,-0.0212397,-0.00171351,0.0032932,0.00269928,-0.00463337,0.00275042,0.00309265,-0.00834261,-0.00922007,0.0175551,-0.0115577,-3.17927e-06,0.0124745,0.00401914,-0.025577,-0.00243527,0.0137119,0.00915181,-0.0584475,-0.0290879,-0.0343835,-0.0315415,-0.0920271,0.018264],[-0.0170933,-6.90656e-06,-0.0012309,-0.000912213,-0.000785332,-0.00118286,1.3375e-05,0.0114302,-7.75267e-06,-0.0143091,-0.0124859,-0.0016979,0.0108094,0.0114657,0.000321547,-0.0193965,-0.0250206,4.54265e-05,-0.00167035,0.0454598,-8.90828e-06,-0.0245188,-0.00446568,-0.00127068,0.0153351,-0.0203403,0.0261383,-1.13379e-05,0.0240456,-0.000795372,0.0088872,0.048004,-0.00148259,0.00663109,0.0320024,-0.01931,-0.000632895,0.0109499,0.0391771,-0.0062317,-0.0353347,0.00617368,0.0229531,0.0116556,0.00782808,-0.0104363,-0.04027,-7.84208e-05,-0.0815161,0.0611639,-4.48234e-05,-0.00237205,-0.00159113,0.0126386,-0.000930991,-0.00332717,-0.0392023,0.00336895,-0.0313493,-0.00355259,0.00267185,0.00197999,-0.00909895,0.013841,0.00434051,-0.000131047,-0.00777878,0.0170038,-0.0116968,-3.43832e-06,0.0224735,0.000524031,-0.0201713,-0.0138231,0.0149625,0.0149111,-0.0566205,-0.0373907,-0.0306337,-0.0347001,-0.0825296,0.0151269],[0.0006591,6.44997e-07,-0.000492362,0.000115786,-0.000274909,-6.79449e-05,7.17653e-07,0.000699416,-3.27012e-07,-0.00100587,-0.000122147,0.000934121,0.000237795,0.000321547,3.31466e-05,-0.000612695,-0.000110912,-0.000254174,-0.000556366,0.00519199,-1.75373e-07,-0.0017317,-0.000582045,0.001845,0.00191703,0.000288359,0.00124374,-1.0595e-06,0.00203767,-0.000322713,0.000968196,0.00321396,0.00139812,0.00100644,0.00301516,0.000252263,-8.49689e-05,0.00156859,0.00138712,0.000309349,-0.00116763,0.00199155,0.00191985,0.0030188,-0.000476523,-6.49406e-06,0.00271348,-1.50143e-06,-0.00546555,0.000819507,-0.000379471,0.000301251,-0.00221107,0.00158023,-0.000281882,-0.000808166,-0.0030596,-0.000379134,-0.00277906,3.40941e-05,0.000159117,-0.000614113,-0.00128715,0.00271942,-2.44961e-05,0.00156786,0.000115681,0.00107224,-0.000423482,4.94854e-07,0.00222842,-0.000878448,0.00110768,-0.00336245,0.000870887,0.00256425,0.000740854,-0.00119549,0.00010039,0.00075717,-0.00318246,-0.000215176],[1.5121,8.25501e-05,0.0045032,-0.00180686,-0.0316003,-0.0178287,-4.56699e-05,-0.0707382,6.06549e-05,0.0206751,0.0698999,0.0601484,-0.0157257,-0.0193965,-0.000612695,1.06052,1.7908,0.0108948,0.012629,-0.0383947,2.20212e-05,0.035666,0.0657766,0.0756727,-0.0124209,0.108215,-0.0499308,0.000139327,-0.067958,-0.0188508,-0.0590687,-0.181928,0.0556521,-0.00216497,-0.206636,0.127916,0.0270965,-0.0688189,-0.0742252,0.0286687,0.0500136,0.0178692,-0.0496088,-0.067684,-0.0775307,-0.00898863,0.0258089,0.000109607,0.126667,-0.0777278,-0.0354225,0.0263322,-0.0416688,-0.0724815,-0.0313133,0.0250103,0.116376,-0.00299102,0.15363,-0.060212,-0.00172556,0.0125705,-0.00655321,0.0412278,-0.0094319,-0.0480424,0.0238144,-0.0431439,0.0230445,-0.000137675,-0.0305218,-0.0779995,0.0700655,0.0215575,-0.0957091,0.0225214,0.180109,0.465119,0.314275,0.00203477,0.00813517,-0.00503598],[2.41503,0.000302716,0.00263804,-0.0187321,-0.0335346,-0.0255071,4.06742e-05,-0.0695408,6.73745e-05,0.000435843,0.210038,0.120757,-0.0208658,-0.0250206,-0.000110912,1.7908,3.34391,-0.011993,-0.0106258,0.105671,8.44113e-05,0.0146963,0.0923304,0.235753,0.0071801,0.158276,-0.0699996,0.000257759,-0.0340702,-0.0576799,-0.0555399,-0.20848,0.161109,0.0581042,-0.177665,0.214124,0.0691306,-0.099835,-0.0432987,0.0583046,-0.0703699,0.180442,0.0148052,-0.0146822,-0.153665,-0.00611389,0.177492,0.000165755,0.0565852,-0.205861,-0.085866,0.0640223,-0.208316,-0.0587704,-0.0767433,-0.0121562,0.096432,-0.0441471,0.120476,-0.0262235,0.0064225,-0.0257613,-0.105244,0.238927,-0.0710949,-0.00925127,0.0773536,0.00573484,0.0356368,-0.000161754,-0.0280998,-0.16058,0.270538,-0.116506,-0.0757146,0.123134,0.305081,0.73008,0.517366,0.0344282,-0.0615902,-0.0415577],[0.00314766,-4.5481e-05,0.00419379,0.00456588,-0.000457524,-0.0196336,-5.90517e-06,-0.01223,-3.77093e-05,0.00369299,-0.0102029,-0.0254701,0.00153055,4.54265e-05,-0.000254174,0.0108948,-0.011993,0.0357729,0.00421898,-0.0303935,-9.79713e-06,0.00796771,0.035802,-0.0289676,-0.0168715,-0.00725917,-0.0124242,-4.74314e-06,-0.0171783,-0.00732538,-0.020545,0.00530615,-0.032601,-0.0179566,-0.0558346,0.0207833,-0.00902945,-0.00198221,-0.0229455,-0.00518013,0.052201,-0.0533507,-0.0264218,-0.00105014,0.0252896,-0.00435419,-0.0589104,-1.11075e-05,0.0337121,0.0347839,0.0195356,-0.0155657,0.0455268,-0.00433081,0.0128972,0.0208479,0.0149071,0.0132988,0.0178827,-0.128538,0.00363899,0.0553411,0.0378676,-0.0723606,-0.00472695,-0.0296308,-0.0232646,-6.77273e-05,-0.00145957,-6.93588e-05,-0.0245191,0.0339419,-0.0436297,0.0626051,-0.0268672,-0.0583898,-0.0250139,0.0141049,-0.0449854,-0.0147814,0.0016782,0.0116016],[0.0287645,-2.06587e-05,0.00471529,-0.0245065,-0.0101617,0.00255183,6.18014e-05,-0.0111997,1.37244e-05,0.0214367,-0.0067008,-0.0223632,-0.000834645,-0.00167035,-0.000556366,0.012629,-0.0106258,0.00421898,0.0447559,-0.0887649,-1.72851e-05,0.0373531,0.0136396,-0.0523953,-0.015171,-0.0212923,-0.0146272,9.58496e-06,-0.00162018,0.0205311,-0.0141876,-0.00685865,-0.0459805,-0.0274683,-0.0107546,-0.0280159,0.0104645,-0.0117011,0.00471699,-0.0253687,0.0452749,-0.0425493,-0.0466583,-0.0797963,0.0101857,-0.021976,-0.0716025,7.47781e-06,0.111689,0.0183482,0.0136477,-0.00493391,0.0456421,-0.00049876,0.00545377,0.0146016,0.0406363,0.0144718,-0.0120658,0.0175031,-0.00497061,0.0219949,0.0311493,-0.0630526,0.00203621,0.0424174,-0.0290243,-0.0579926,-0.00815973,5.55298e-05,0.0677667,0.0217554,-0.0792331,0.0861266,-0.0137905,-0.0544115,-0.041358,-0.000513535,-0.0140451,-0.0232871,0.0501551,0.00389151],[0.205321,0.000144719,-0.0798118,0.044752,-0.0275157,-0.0388126,0.000192294,0.0980996,-0.000178576,-0.190403,0.0479319,0.113673,0.0319801,0.0454598,0.00519199,-0.0383947,0.105671,-0.0303935,-0.0887649,1.02864,-2.26483e-05,-0.30106,0.0702168,0.475258,0.340778,0.11233,0.135063,-0.000193291,0.341424,-0.056977,0.144754,0.551396,0.234721,0.213479,0.549747,0.0693228,0.000437165,0.293158,0.156799,0.0326926,-0.0344802,0.273155,0.307246,0.551823,-0.0696107,0.0113853,0.680811,-0.000186275,-1.0236,-0.00136941,-0.0680964,0.0670562,-0.404923,0.29506,-0.012077,-0.125359,-0.460629,-0.0751729,-0.431342,-0.0248129,0.020744,-0.100217,-0.211728,0.537295,-0.0325901,0.267757,0.0447019,0.2155,-0.0830951,-8.54109e-05,0.332214,-0.152863,0.298931,-0.503654,0.14953,0.392421,0.150989,-0.185454,0.0998268,0.208951,-0.533359,-0.0939902],[5.25893e-05,1.25302e-07,7.34051e-06,8.81405e-06,-5.07614e-07,3.398e-06,-1.01746e-07,1.17673e-07,-3.16204e-08,-2.6598e-06,6.6799e-05,-1.95859e-05,-6.78421e-06,-8.90828e-06,-1.75373e-07,2.20212e-05,8.44113e-05,-9.79713e-06,-1.72851e-05,-2.26483e-05,1.85819e-07,6.34322e-08,-8.97402e-06,-0.000100724,-8.09683e-06,3.24228e-05,-3.33828e-05,9.60559e-08,-2.41234e-05,-2.0182e-05,3.25788e-06,-1.36852e-05,1.97372e-05,-6.6152e-06,-1.01392e-05,2.482e-05,-7.40789e-07,-1.40132e-05,-4.17335e-05,1.72537e-05,-8.13298e-05,4.38237e-05,4.04952e-05,3.05105e-05,-7.73406e-06,3.06233e-05,3.26206e-05,1.19678e-07,2.48221e-05,-3.58685e-05,5.24124e-06,8.30363e-07,3.02954e-05,-8.5507e-06,-4.23063e-06,-5.86211e-06,3.09443e-05,-2.21455e-05,5.89181e-05,3.84796e-05,9.64327e-06,-2.4864e-05,1.01176e-05,-1.63642e-05,-2.03455e-05,-2.90217e-05,2.34798e-05,1.60557e-05,1.06867e-05,9.00521e-08,-8.45902e-05,9.41142e-06,4.8744e-05,-3.07751e-05,2.50852e-05,8.91636e-06,2.807e-05,-6.31686e-06,0.000109224,1.8924e-05,6.71293e-05,-3.17799e-06],[0.0898888,-2.65041e-05,0.0360857,-0.00278956,0.0192479,0.0117091,-4.32258e-05,-0.0516883,-1.14153e-06,0.120797,0.00358417,-0.0349216,-0.0217176,-0.0245188,-0.0017317,0.035666,0.0146963,0.00796771,0.0373531,-0.30106,6.34322e-08,0.179325,0.0284525,-0.111764,-0.0875641,-0.111559,-0.0481221,6.65903e-05,-0.0706995,0.0392544,-0.0996857,-0.127882,-0.086282,-0.0993275,-0.141824,0.00720534,0.0138105,-0.0450779,0.0494448,-0.0134069,0.210649,-0.127682,-0.189094,-0.207332,0.0202306,-0.00528077,-0.311479,0.000186061,0.648118,-0.144129,0.0256111,-0.014777,0.13929,-0.019149,0.012977,0.060917,0.137137,0.0295473,0.0343337,0.0178626,-0.00522498,0.0398622,0.0411908,-0.176789,0.00188502,-0.0245552,-0.0143267,-0.101422,0.0883854,3.46527e-05,-0.0536367,0.0530733,-0.0860467,0.231333,-0.048529,-0.176522,0.0118842,0.0608045,0.0483185,-0.136097,0.401423,0.0247529],[0.087985,-9.64944e-06,0.0341737,0.0119535,0.0393635,-0.0299669,7.86324e-05,-0.0421637,-0.000126893,0.00944577,0.0423079,-0.0517828,-0.00238694,-0.00446568,-0.000582045,0.0657766,0.0923304,0.035802,0.0136396,0.0702168,-8.97402e-06,0.0284525,0.253912,0.169267,-0.0222624,0.000883955,-0.0471455,-4.17443e-06,-0.000139833,0.0140981,-0.0364892,0.0252822,-0.0408537,-0.0250996,0.00159601,-0.0125869,0.0130268,0.00715896,-0.043483,-0.0355148,0.234236,-0.138983,-0.0881623,-0.0287422,0.0320441,-0.00957915,-0.0166038,-0.000142216,0.0880437,-0.0820161,0.0099702,-0.00250473,0.0455437,0.0205983,0.042183,0.0482581,0.0401054,0.0111487,0.0443494,-0.0880211,-0.0020485,0.0464562,0.0256126,-0.0457634,-0.00296008,-0.025179,-0.0215629,-0.00162135,0.00352801,-0.000126182,-0.0306144,0.0482161,-0.0153401,0.148358,-0.0163377,-0.124575,-0.045817,0.00540988,-0.0361739,-0.063102,0.0715213,-0.00671233],[0.021892,0.00015762,-0.072615,-0.00137451,0.0628684,-0.0207071,0.000254531,0.024695,-4.03019e-05,-0.0739611,0.0714229,0.0892368,-0.00972308,-0.00127068,0.001845,0.0756727,0.235753,-0.0289676,-0.0523953,0.475258,-0.000100724,-0.111764,0.169267,0.852455,0.138748,0.172845,-0.00553562,-7.35961e-05,0.0956281,-0.0163486,0.122525,0.0170587,0.207883,0.171463,0.122642,0.1037,0.0182215,0.0610784,-0.00280411,0.00405447,0.00460633,0.178631,0.101228,0.215646,-0.110834,0.0431122,0.712991,-0.000582422,-0.457969,-0.35792,-0.0843202,0.0782373,-0.391647,0.0668217,-0.0151918,-0.115303,-0.115257,-0.0879321,-0.0666767,0.0687094,-0.0096604,-0.113075,-0.170442,0.474768,0.0264268,0.167454,0.0798085,0.0527814,-0.0305329,-0.000197901,0.176408,-0.170647,0.307004,-0.318854,0.0418396,0.240452,0.188471,0.0640941,-0.0561991,0.0683721,-0.117432,-0.123202],[0.130854,1.95445e-05,-0.0555779,0.0405567,-0.0572551,-0.00347757,6.28585e-05,0.0561883,-4.40614e-05,-0.0618738,-0.0132509,0.0998492,0.0114986,0.0153351,0.00191703,-0.0124209,0.0071801,-0.0168715,-0.015171,0.340778,-8.09683e-06,-0.0875641,-0.0222624,0.138748,0.384642,0.133588,0.0863138,-0.000103651,0.190198,-0.0285256,0.0590742,0.293985,0.0863419,0.0678013,0.268412,0.010605,0.0028868,0.143391,0.0989375,0.00299358,0.0378889,0.13231,0.115246,0.199757,-0.0318405,0.0119686,0.311604,-0.000255317,-0.318816,-0.0673499,-0.0074543,0.0258989,-0.17426,0.190526,-0.00960361,-0.035745,-0.17099,-0.0347947,-0.220288,-0.00855125,0.00486835,-0.0399197,-0.0589461,0.185179,-0.00163049,0.137158,0.00690214,0.0982145,-0.0170673,-4.61439e-05,0.190037,-0.0900381,0.109276,-0.125691,0.0432482,0.188679,0.0819418,-0.0613977,0.0168903,0.138279,-0.177486,-0.0315333],[0.0381962,2.42765e-05,-0.0517774,0.00800145,-0.0306592,-0.0033216,6.97858e-05,0.00173871,1.65295e-05,-0.0928032,0.0315202,0.0752019,-0.0201232,-0.0203403,0.000288359,0.108215,0.158276,-0.00725917,-0.0212923,0.11233,3.24228e-05,-0.111559,0.000883955,0.172845,0.133588,0.3741,-0.0365265,4.86256e-05,-0.0333986,-0.0548236,0.0658199,-0.0811711,0.113737,0.081086,0.00662494,0.0419135,-0.0131498,-0.0161437,-0.305684,0.0372273,-0.0237944,0.0832824,0.0969822,0.160971,-0.0728974,0.0522925,0.551369,-6.23561e-05,-0.444755,-0.123628,-0.0389905,0.0261011,-0.173231,-0.0425095,-0.00313396,-0.0510758,0.0546425,-0.0610718,0.107914,-0.0152909,-0.0116477,-0.0523797,0.0167423,0.138867,-0.0110508,0.00768374,0.0448266,0.086188,-0.071261,-0.000116997,-0.0158685,-0.101841,0.194308,-0.166332,-0.0511869,0.15787,0.214155,0.163709,0.0567752,0.317784,-0.182564,-0.110679],[0.0157123,-3.81012e-05,-0.00913103,-0.000292794,-0.0205713,0.00990025,6.33514e-06,0.0511775,-8.3786e-07,-0.0223507,-0.0406079,0.0597383,0.0238729,0.0261383,0.00124374,-0.0499308,-0.0699996,-0.0124242,-0.0146272,0.135063,-3.33828e-05,-0.0481221,-0.0471455,-0.00553562,0.0863138,-0.0365265,0.176766,-3.34527e-05,0.100601,-0.00560518,0.0174789,0.124983,0.019937,0.00787705,0.130971,-0.0577875,-0.00423347,0.0460578,0.130731,0.00462973,-0.0906648,0.0683783,0.0586087,0.0446902,0.00129348,-0.029982,-0.0705879,-0.000266849,-0.13768,0.149697,-0.0223067,0.00813979,-0.0463154,0.07226,-0.0152324,-0.0110651,-0.145308,0.000727493,-0.159478,0.00942309,0.0106573,-0.00546703,-0.0558827,0.054796,0.0103303,0.0218061,-0.0169947,0.0320925,-0.00513495,3.30667e-05,0.0967782,-0.0220094,-0.0456469,-0.0767497,0.0413511,0.099138,-0.0775888,-0.0823436,-0.0872911,-0.0283536,-0.174422,0.0327379],[0.000165826,7.48048e-08,1.96288e-05,-7.07939e-06,3.45634e-05,7.13471e-06,-7.92767e-08,-1.87579e-05,-7.01718e-08,4.10153e-05,4.05754e-05,-3.57749e-05,-2.58933e-06,-1.13379e-05,-1.0595e-06,0.000139327,0.000257759,-4.74314e-06,9.58496e-06,-0.000193291,9.60559e-08,6.65903e-05,-4.17443e-06,-7.35961e-05,-0.000103651,4.86256e-05,-3.34527e-05,6.44266e-07,-5.95028e-05,-5.66566e-07,-2.20718e-05,-1.02938e-05,-2.67431e-05,-0.000101917,-5.95577e-05,-6.74438e-05,1.32459e-05,-9.11241e-05,-0.000159337,2.87355e-05,-0.000134372,4.8347e-06,-1.02689e-06,-0.000116629,-3.04733e-05,6.93109e-06,-0.000308187,1.27486e-07,0.00028967,8.45323e-07,1.57982e-05,-1.58624e-05,9.93279e-05,-6.48342e-05,-2.35461e-05,-1.56041e-06,0.000143811,-5.74627e-06,0.00015748,9.36328e-05,4.74315e-06,-1.006e-05,3.69791e-05,-0.000108774,-1.96674e-05,-0.00015083,-3.0586e-05,3.82522e-05,3.85627e-05,1.03805e-07,-0.000135702,-5.00073e-06,-5.82289e-05,7.74398e-05,-5.43762e-05,-6.81642e-05,8.6623e-06,0.000184335,4.86457e-05,-0.000190556,9.47598e-05,6.20044e-05],[0.133134,3.53412e-05,-0.037686,0.00417325,-0.0274395,0.00557304,4.31734e-05,0.0699305,-5.48766e-05,-0.0624344,-0.0333429,0.0770179,0.0219725,0.0240456,0.00203767,-0.067958,-0.0340702,-0.0171783,-0.00162018,0.341424,-2.41234e-05,-0.0706995,-0.000139833,0.0956281,0.190198,-0.0333986,0.100601,-5.95028e-05,0.336644,-0.00819815,0.127973,0.444337,0.0376682,0.0325816,0.392885,-0.0288642,0.00930809,0.180096,0.135561,-0.00141433,0.0771835,0.104863,0.12538,0.155875,-0.0022754,-0.0341204,0.144683,-0.000226873,-0.248491,0.00868836,-0.000792441,0.014705,-0.122219,0.275659,0.000379287,-0.0302291,-0.200633,-0.000341327,-0.220386,0.0281671,0.00484391,-0.0418328,-0.0761546,0.145583,-0.00932317,0.19472,-0.0356988,0.0552343,-0.0247503,6.41835e-05,0.285242,-0.0421192,-0.00319039,-0.00726204,0.0748967,0.132376,0.00181747,-0.126561,-0.0209639,0.00587174,-0.154183,0.00367571],[0.00606632,-1.63239e-05,0.0104728,-0.0133642,0.0127218,0.0141948,1.00102e-05,-0.0215013,1.15138e-05,0.0305123,-0.0106197,-0.0252522,-0.000967019,-0.000795372,-0.000322713,-0.0188508,-0.0576799,-0.00732538,0.0205311,-0.056977,-2.0182e-05,0.0392544,0.0140981,-0.0163486,-0.0285256,-0.0548236,-0.00560518,-5.66566e-07,-0.00819815,0.0515044,-0.0422961,-0.0139797,-0.0471548,-0.0310581,0.00581655,-0.0446551,0.0101112,-0.00793482,0.0370392,-0.0193772,0.06771,-0.0610232,-0.055808,-0.0745279,0.00936378,-0.0259178,-0.132198,4.13662e-05,0.147518,0.00236076,0.00655462,-0.0051283,0.0806354,-0.0156311,0.00874766,0.0212335,0.0139551,0.0156846,-0.017905,0.0714452,-0.00723061,0.00283944,0.00492401,-0.0479885,0.0156688,0.028504,-0.0143405,-0.056768,0.00700543,0.000107434,0.0390302,0.0235282,-0.0711545,0.0597136,-1.48729e-05,-0.0627288,-0.0473407,-0.0676993,-0.00649635,-0.0672888,0.0978223,0.0116283],[-0.0882154,4.62465e-05,-0.0471326,-0.0234559,0.00483115,0.0134979,-1.70961e-05,0.0321528,4.23905e-05,-0.0781523,-0.00818557,0.0600542,0.00799048,0.0088872,0.000968196,-0.0590687,-0.0555399,-0.020545,-0.0141876,0.144754,3.25788e-06,-0.0996857,-0.0364892,0.122525,0.0590742,0.0658199,0.0174789,-2.20718e-05,0.127973,-0.0422961,0.397614,0.0785332,0.0649364,0.0570151,0.153505,-0.0361831,-0.00385355,0.0100676,-0.0550574,-0.00821285,-0.14099,0.130372,0.145084,0.122729,-0.0183192,0.0351846,0.307193,-0.000247703,-0.38795,0.0272983,-0.0391333,0.0206307,-0.13894,0.0303822,-0.0178399,-0.0879643,-0.0777523,-0.0333356,0.0759107,0.00883758,-0.0126621,-0.096483,-0.0593436,0.171103,0.00239502,0.0394511,-0.0140205,-0.00255579,-0.0616423,-1.27195e-05,0.0795051,-0.0382208,0.0322237,-0.10885,0.0401132,0.0998243,0.00703034,-0.0820708,-0.0370173,0.113718,-0.195318,-0.0460583],[0.113386,-5.76482e-05,-0.0371627,0.0630467,-0.0393791,-0.0238372,3.37864e-05,0.0909252,-0.000183794,-0.0978823,-0.0859028,0.00704331,0.0468712,0.048004,0.00321396,-0.181928,-0.20848,0.00530615,-0.00685865,0.551396,-1.36852e-05,-0.127882,0.0252822,0.0170587,0.293985,-0.0811711,0.124983,-1.02938e-05,0.444337,-0.0139797,0.0785332,0.886582,-0.00487734,-0.0179467,0.643595,-0.10932,0.0122821,0.293389,0.190961,-0.0265803,0.190023,0.0430934,0.159796,0.278885,0.0491919,-0.0625942,-0.0177001,-0.000304137,-0.372035,0.125558,0.0572298,-0.0175226,-0.0332701,0.404047,0.0298277,0.00769057,-0.331525,0.0149449,-0.392331,-0.0439594,0.0160158,0.00854724,-0.0356188,0.0715643,-0.00872737,0.191523,-0.0987776,0.182707,-0.0372671,0.000156553,0.313573,0.0125232,-0.0867141,0.0473206,0.1008,0.0832734,-0.1109,-0.332393,-0.070976,-0.191929,-0.227689,0.0760151],[0.0892497,0.000116438,-0.0313588,-0.00539893,-0.011773,-0.000654411,5.24044e-05,0.0212051,6.93899e-05,-0.0545046,0.064639,0.132101,-0.00610162,-0.00148259,0.00139812,0.0556521,0.161109,-0.032601,-0.0459805,0.234721,1.97372e-05,-0.086282,-0.0408537,0.207883,0.0863419,0.113737,0.019937,-2.67431e-05,0.0376682,-0.0471548,0.0649364,-0.00487734,0.230472,0.0829362,0.0325469,0.120383,-0.00895443,0.0220289,0.0191016,0.0439274,-0.119909,0.20116,0.0998342,0.148712,-0.0996371,0.0632306,0.325355,4.35179e-05,-0.309945,-0.146603,-0.0566845,0.043618,-0.228059,0.0329096,-0.047528,-0.0909283,-0.0924682,-0.0672489,-0.0302466,0.0158701,0.00790262,-0.0849595,-0.121795,0.278403,-0.0212316,0.0569029,0.0781111,0.112977,-0.00333982,-5.35455e-05,0.0275154,-0.123137,0.257809,-0.281597,0.0276273,0.25223,0.182523,0.122345,0.156497,0.102195,-0.13652,-0.0517315],[-0.0540936,8.16504e-05,-0.0499638,-0.00977107,-0.0131127,-0.00512544,2.70303e-05,0.0549446,3.98628e-05,-0.068739,0.0312275,0.0124712,0.00231021,0.00663109,0.00100644,-0.00216497,0.0581042,-0.0179566,-0.0274683,0.213479,-6.6152e-06,-0.0993275,-0.0250996,0.171463,0.0678013,0.081086,0.00787705,-0.000101917,0.0325816,-0.0310581,0.0570151,-0.0179467,0.0829362,0.194105,0.0145297,0.10154,-0.0154794,0.0455566,-0.00238796,0.00888299,-0.177388,0.162718,0.124433,0.148877,-0.0375335,0.0113977,0.419314,-0.000165476,-0.399943,-0.106246,-0.0482579,0.0340768,-0.192729,0.0236737,-0.0210075,-0.0839874,-0.0711077,-0.0444145,-0.0793551,-0.00317939,-0.000290937,-0.059909,-0.0728849,0.245912,-0.00501237,0.067551,0.0516675,0.141578,-0.0426274,-9.2569e-05,0.0509023,-0.0791578,0.187141,-0.228146,0.0519313,0.180784,0.0704581,0.0105079,0.0470245,0.156633,-0.210799,-0.089915],[-0.0035818,1.70536e-05,-0.0535643,0.0503103,-0.0412863,0.0172879,0.000156063,0.067852,-9