# This file has automatically been generated
# biogeme 2.4 [Jeu 28 aoû 2014 16:02:53 CEST]
# <a href='http://people.epfl.ch/michel.bierlaire'>Michel Bierlaire</a>, <a href='http://transp-or.epfl.ch'>Transport and Mobility Laboratory</a>, <a href='http://www.epfl.ch'>Ecole Polytechnique F&eacute;d&eacute;rale de Lausanne (EPFL)</a>
# Mon Aug 31 17:22:39 2015</p>
#
ASC_KLE = Beta('ASC_KLE',-2.91104,-100,100,0,'ASC_KLE' )

BETA_DISTANCE_LUNCH_CAF = Beta('BETA_DISTANCE_LUNCH_CAF',-0.00612427,-100,100,0,'BETA_DISTANCE_LUNCH_CAF' )

RHO_PREVIOUS_LUNCH_CHOICE = Beta('RHO_PREVIOUS_LUNCH_CHOICE',1.78368,-100,100,0,'RHO_PREVIOUS_LUNCH_CHOICE' )

RHO_PREVIOUS_MORNING_CHOICE = Beta('RHO_PREVIOUS_MORNING_CHOICE',3.06148,-100,100,0,'RHO_PREVIOUS_MORNING_CHOICE' )

BETA_DISTANCE_MORNING = Beta('BETA_DISTANCE_MORNING',-0.00448281,-100,100,0,'BETA_DISTANCE_MORNING' )

BETA_TAP_BEER_AFTER_LUNCH = Beta('BETA_TAP_BEER_AFTER_LUNCH',0.538768,-100,100,0,'BETA_TAP_BEER_AFTER_LUNCH' )

BETA_DISTANCE_AFTERNOON = Beta('BETA_DISTANCE_AFTERNOON',-0.00107194,-100,100,0,'BETA_DISTANCE_AFTERNOON' )

BETA_EVALUATION_CAFET = Beta('BETA_EVALUATION_CAFET',1.09778,-100,100,0,'BETA_EVALUATION_CAFET' )

BETA_NO_DISTANCE_AV = Beta('BETA_NO_DISTANCE_AV',-4.48314,-100,100,0,'BETA_NO_DISTANCE_AV' )

BETA_DINNER = Beta('BETA_DINNER',1.03412,-100,100,0,'BETA_DINNER' )

BETA_PRICE_STUDENT = Beta('BETA_PRICE_STUDENT',-0.188516,-100,100,0,'BETA_PRICE_STUDENT' )

BETA_PRICE_EMPLOYEE = Beta('BETA_PRICE_EMPLOYEE',-0.102028,-100,100,0,'BETA_PRICE_EMPLOYEE' )

BETA_METEO_TERRACE = Beta('BETA_METEO_TERRACE',0,-100,100,1,'BETA_METEO_TERRACE' )

BETA_CAPACITY_INSIDE = Beta('BETA_CAPACITY_INSIDE',0.00748652,-100,100,0,'BETA_CAPACITY_INSIDE' )

ASC_BC = Beta('ASC_BC',0.481469,-100,100,0,'ASC_BC' )

BETA_DISTANCE_LUNCH_SELF = Beta('BETA_DISTANCE_LUNCH_SELF',-0.00543447,-100,100,0,'BETA_DISTANCE_LUNCH_SELF' )

BETA_EVALUATION_SELF = Beta('BETA_EVALUATION_SELF',1.08597,-100,100,0,'BETA_EVALUATION_SELF' )

ASC_BM  = Beta('ASC_BM ',0.452717,-100,100,0,'ASC_BM ' )

BETA_DISTANCE_LUNCH_OTHER = Beta('BETA_DISTANCE_LUNCH_OTHER',-0.00100207,-100,100,0,'BETA_DISTANCE_LUNCH_OTHER' )

ASC_ELA  = Beta('ASC_ELA ',-0.578745,-100,100,0,'ASC_ELA ' )

ASC_INM  = Beta('ASC_INM ',-1.82479,-100,100,0,'ASC_INM ' )

ASC_MX  = Beta('ASC_MX ',-0.514217,-100,100,0,'ASC_MX ' )

ASC_PH  = Beta('ASC_PH ',1.10778,-100,100,0,'ASC_PH ' )

ASC_ARC = Beta('ASC_ARC',-0.683618,-100,100,0,'ASC_ARC' )

ASC_ATL  = Beta('ASC_ATL ',-0.284999,-100,100,0,'ASC_ATL ' )

ASC_COP = Beta('ASC_COP',2.66714,-100,100,0,'ASC_COP' )

BETA_DISTANCE_LUNCH_REST = Beta('BETA_DISTANCE_LUNCH_REST',-0.00126834,-100,100,0,'BETA_DISTANCE_LUNCH_REST' )

ASC_COR  = Beta('ASC_COR ',-0.259269,-100,100,0,'ASC_COR ' )

ASC_GIA  = Beta('ASC_GIA ',0.397561,-100,100,0,'ASC_GIA ' )

ASC_PAR  = Beta('ASC_PAR ',-0.883177,-100,100,0,'ASC_PAR ' )

ASC_VIN = Beta('ASC_VIN',-3.81126,-100,100,0,'ASC_VIN' )

ASC_ESP  = Beta('ASC_ESP ',0,-100,100,1,'ASC_ESP ' )

ASC_ORN  = Beta('ASC_ORN ',-0.641234,-100,100,0,'ASC_ORN ' )

ASC_PIZ  = Beta('ASC_PIZ ',-1.83719,-100,100,0,'ASC_PIZ ' )

BETA_EVALUATION_FAST_FOOD = Beta('BETA_EVALUATION_FAST_FOOD',1.60132,-100,100,0,'BETA_EVALUATION_FAST_FOOD' )

BETA_DISTANCE_LUNCH_FASTFOOD = Beta('BETA_DISTANCE_LUNCH_FASTFOOD',-0.00881064,-100,100,0,'BETA_DISTANCE_LUNCH_FASTFOOD' )

ASC_KEB  = Beta('ASC_KEB ',-2.51063,-100,100,0,'ASC_KEB ' )

ASC_SAT  = Beta('ASC_SAT ',-1.41552,-100,100,0,'ASC_SAT ' )

ASC_HOD  = Beta('ASC_HOD ',0.954358,-100,100,0,'ASC_HOD ' )

ASC_VAL  = Beta('ASC_VAL ',4.01875,-100,100,0,'ASC_VAL ' )


## Code for the sensitivity analysis
names = ['ASC_KLE','BETA_DISTANCE_LUNCH_CAF','RHO_PREVIOUS_LUNCH_CHOICE','RHO_PREVIOUS_MORNING_CHOICE','BETA_DISTANCE_MORNING','BETA_TAP_BEER_AFTER_LUNCH','BETA_DISTANCE_AFTERNOON','BETA_EVALUATION_CAFET','BETA_NO_DISTANCE_AV','BETA_DINNER','BETA_PRICE_STUDENT','BETA_PRICE_EMPLOYEE','BETA_CAPACITY_INSIDE','ASC_BC','BETA_DISTANCE_LUNCH_SELF','BETA_EVALUATION_SELF','ASC_BM ','BETA_DISTANCE_LUNCH_OTHER','ASC_ELA ','ASC_INM ','ASC_MX ','ASC_PH ','ASC_ARC','ASC_ATL ','ASC_COP','BETA_DISTANCE_LUNCH_REST','ASC_COR ','ASC_GIA ','ASC_PAR ','ASC_VIN','ASC_ORN ','ASC_PIZ ','BETA_EVALUATION_FAST_FOOD','BETA_DISTANCE_LUNCH_FASTFOOD','ASC_KEB ','ASC_SAT ','ASC_HOD ','ASC_VAL ']
values = [[0.364501,2.58642e-07,0.00239779,0.000204287,-6.40023e-05,-0.0208681,5.82354e-06,-0.0154972,0.0139214,0.0245065,0.00559495,0.00456913,0.00044519,0.0689825,1.55575e-05,-0.0114558,0.0706761,1.89017e-05,0.0977735,0.141839,0.112646,0.0791584,0.0927808,0.0391685,-0.0265648,1.19763e-05,0.00139569,0.0872652,-0.0389454,-0.00148028,-0.00365115,0.0415043,0.00106604,1.01362e-05,0.0474684,0.0642128,0.0113228,-0.0788743],[2.58642e-07,2.76966e-07,7.83954e-06,-2.99827e-06,8.23545e-08,-3.10269e-06,-1.32081e-07,-6.46263e-06,4.18807e-05,1.34999e-05,-1.04498e-06,-1.97628e-06,1.26564e-08,2.14704e-06,1.12388e-07,-2.12373e-06,-5.02583e-06,5.38093e-08,1.24591e-06,-5.58802e-06,7.17617e-06,-4.33345e-06,1.48649e-06,4.5633e-06,3.73651e-05,4.45102e-08,4.68005e-07,-5.82067e-06,-2.62806e-06,8.56406e-07,-5.02316e-07,-1.62073e-05,1.56729e-06,6.12104e-08,-1.38308e-05,-8.41576e-06,2.10071e-05,3.7581e-05],[0.00239779,7.83954e-06,0.0133201,-0.000344138,-9.81387e-07,-0.000732941,-5.41054e-06,-0.000416294,0.00221265,0.00121308,3.75643e-05,9.09272e-05,3.98528e-06,0.00179777,8.26798e-06,-0.000464789,0.000636341,5.19923e-06,0.00163067,0.00149255,0.0024181,0.00121276,0.00142978,0.000896585,0.0036759,6.66678e-06,-0.00121834,0.000930615,-0.00126364,0.00405559,-0.000687384,-0.000441532,-0.000125765,1.63967e-05,-0.00123783,0.00160658,0.000561985,-0.000393857],[0.000204287,-2.99827e-06,-0.000344138,0.0306776,-8.71678e-07,-0.00037481,6.34435e-07,-0.000430394,2.25856e-05,-0.00126204,0.000928871,0.000681629,4.46326e-06,0.000251963,-8.5963e-07,-0.00108021,0.000768375,5.25478e-06,-0.00014646,-0.000335362,-0.00398623,-0.00230726,-0.00326088,-0.00404142,-0.00543435,-1.43268e-05,-0.00015366,-0.000922382,-0.000669986,-0.000270147,0.000225079,-0.000969504,-0.000897552,5.53197e-07,-0.00332452,-0.00122187,-0.00515316,-0.0103164],[-6.40023e-05,8.23545e-08,-9.81387e-07,-8.71678e-07,9.52909e-07,9.99491e-07,-8.61471e-08,9.87198e-06,4.93367e-05,1.04539e-06,-5.36733e-06,-4.28286e-06,-4.23676e-07,-6.75109e-05,-1.67982e-08,1.14423e-05,-4.58054e-05,-5.06088e-08,-6.78689e-05,-0.000123075,-8.79318e-05,-6.38499e-05,-7.24447e-05,-3.69378e-05,6.46703e-05,-5.68886e-08,3.45524e-06,-7.38988e-05,4.34777e-05,6.84811e-06,8.2164e-06,0.000161842,-4.09435e-05,2.9362e-08,0.000158795,-3.86037e-05,-2.1361e-06,0.00011006],[-0.0208681,-3.10269e-06,-0.000732941,-0.00037481,9.99491e-07,0.0317817,-8.82461e-06,-0.000459294,-0.0065369,0.0107344,0.000541918,0.000469148,2.88618e-06,0.000790545,5.69452e-07,-0.000401976,0.00425967,1.65966e-06,0.00230438,0.00314674,0.000839393,0.0048704,-0.0184783,-0.000287035,-0.00502697,-5.77658e-06,-0.00169137,0.00197324,-0.00247691,-0.0022798,-0.00155677,0.00127815,-0.000542716,-1.16271e-06,0.00153105,-0.0120983,-0.00587084,-0.00770044],[5.82354e-06,-1.32081e-07,-5.41054e-06,6.34435e-07,-8.61471e-08,-8.82461e-06,3.3785e-07,7.73747e-06,-2.24947e-05,-2.13317e-05,-1.19293e-06,-2.08878e-07,-5.36357e-08,-1.58402e-05,-1.09353e-07,6.23081e-06,-3.95042e-06,-7.93004e-08,-1.68451e-05,-2.62487e-05,-2.61658e-05,-5.47276e-06,-1.31173e-05,-5.78617e-06,-6.62754e-06,-3.21857e-08,-6.03032e-08,-1.33468e-05,8.50527e-06,1.1696e-06,2.16774e-07,4.44993e-05,-5.56408e-06,4.04077e-08,3.91274e-05,-8.01864e-06,-6.62875e-06,4.01011e-06],[-0.0154972,-6.46263e-06,-0.000416294,-0.000430394,9.87198e-06,-0.000459294,7.73747e-06,0.00849609,-0.00367523,-0.00420027,-0.00348178,-0.00267269,-0.000123771,-0.0197379,-3.84521e-06,0.00918271,-0.0162363,6.9862e-06,-0.023088,-0.0348171,-0.025243,-0.0181943,-0.010057,-0.00901344,0.0112421,5.34293e-05,0.000564569,-0.0168603,0.0112055,0.000894048,-0.000343189,-0.0018184,0.0036372,-1.51929e-06,-0.00504011,-0.0105405,0.00916406,0.0283694],[0.0139214,4.18807e-05,0.00221265,2.25856e-05,4.93367e-05,-0.0065369,-2.24947e-05,-0.00367523,0.144633,0.000101873,-0.000580802,-0.00132989,4.73244e-05,0.00540597,3.33673e-05,-0.00241254,-0.00465467,-4.49143e-06,0.00964111,0.00783572,0.0169833,0.00509294,0.0163381,0.00626108,0.0185549,1.52388e-05,-0.00390096,0.00776925,-0.00440881,-0.00289831,-0.00304759,0.00159062,-0.00137288,5.0282e-05,0.00248729,0.00605945,0.0106141,0.0268514],[0.0245065,1.34999e-05,0.00121308,-0.00126204,1.04539e-06,0.0107344,-2.13317e-05,-0.00420027,0.000101873,0.0931402,0.00156394,0.00190508,0.000135712,0.0225654,9.29724e-06,-0.00357477,0.0321101,1.02238e-05,0.0273407,0.0395996,0.0312566,0.0336506,0.0167645,0.0129923,-0.00462957,-3.63823e-06,0.000567672,0.02501,-0.0134553,-0.00062649,-0.000850549,0.00163772,0.00232958,6.97293e-06,0.00382617,0.0137589,0.00280544,-0.0228516],[0.00559495,-1.04498e-06,3.75643e-05,0.000928871,-5.36733e-06,0.000541918,-1.19293e-06,-0.00348178,-0.000580802,0.00156394,0.00391542,0.00277799,3.18336e-05,0.00568476,3.87404e-07,-0.00407658,0.0126556,1.12734e-05,0.00954382,0.0137312,0.00619248,0.0131044,-0.00375201,-0.00227629,-0.0361114,-2.17601e-05,-0.000253098,0.00651734,-0.00281181,2.5546e-05,0.000521147,0.00200651,-0.00302968,-6.65502e-07,0.00516319,0.0076985,-0.0187364,-0.0523672],[0.00456913,-1.97628e-06,9.09272e-05,0.000681629,-4.28286e-06,0.000469148,-2.08878e-07,-0.00267269,-0.00132989,0.00190508,0.00277799,0.00267228,2.56422e-05,0.00447494,-1.09702e-06,-0.00308714,0.0112977,9.71192e-06,0.00837561,0.0119121,0.00511488,0.0112592,-0.00284537,-0.00211842,-0.0346059,-8.15584e-06,-0.000221121,0.00590917,-0.00228655,6.63746e-05,0.000504655,0.00196748,-0.00231145,-1.26477e-06,0.00468386,0.00690329,-0.016234,-0.0569179],[0.00044519,1.26564e-08,3.98528e-06,4.46326e-06,-4.23676e-07,2.88618e-06,-5.36357e-08,-0.000123771,4.73244e-05,0.000135712,3.18336e-05,2.56422e-05,7.77246e-06,0.00114749,2.22321e-08,-0.000280205,0.000383914,-4.43258e-09,0.000396147,0.00105201,0.000734146,0.000503683,0.000482085,0.000790186,-1.21285e-05,-3.58693e-07,-2.26093e-05,0.000369984,-0.000714582,-8.54232e-05,-7.73819e-05,0.000159638,5.33673e-05,-9.75495e-10,0.000199899,-0.000405278,0.000528085,-0.00021088],[0.0689825,2.14704e-06,0.00179777,0.000251963,-6.75109e-05,0.000790545,-1.58402e-05,-0.0197379,0.00540597,0.0225654,0.00568476,0.00447494,0.00114749,0.184603,1.12174e-05,-0.043284,0.0617542,4.0455e-07,0.0643831,0.162582,0.113526,0.07927,0.07296,0.119603,-0.00233987,-6.76615e-05,4.96909e-05,0.058528,-0.102721,-0.00881802,-0.00709284,0.0226698,0.00728924,-2.14281e-06,0.029051,-0.0544797,0.075622,-0.0359155],[1.55575e-05,1.12388e-07,8.26798e-06,-8.5963e-07,-1.67982e-08,5.69452e-07,-1.09353e-07,-3.84521e-06,3.33673e-05,9.29724e-06,3.87404e-07,-1.09702e-06,2.22321e-08,1.12174e-05,1.77977e-07,-3.65257e-06,7.98712e-06,5.29195e-08,1.48623e-05,1.55534e-05,1.72417e-05,9.94665e-06,1.64386e-05,4.4371e-06,3.31866e-05,3.1646e-08,-6.44967e-07,1.13902e-05,-8.01234e-06,-3.77304e-06,-1.88698e-06,-1.77201e-05,2.96112e-06,5.91821e-08,-1.5359e-05,1.2507e-05,1.20606e-05,2.80668e-05],[-0.0114558,-2.12373e-06,-0.000464789,-0.00108021,1.14423e-05,-0.000401976,6.23081e-06,0.00918271,-0.00241254,-0.00357477,-0.00407658,-0.00308714,-0.000280205,-0.043284,-3.65257e-06,0.0165109,-0.0160491,8.15106e-06,-0.0147725,-0.038569,-0.0234494,-0.020336,-0.00626959,-0.0258271,0.0135288,6.82485e-05,0.000695173,-0.00979762,0.0251142,0.00212182,0.000233195,-0.000261328,0.0030249,-9.37098e-07,-0.00406776,0.0136495,-0.00174989,0.0308162],[0.0706761,-5.02583e-06,0.000636341,0.000768375,-4.58054e-05,0.00425967,-3.95042e-06,-0.0162363,-0.00465467,0.0321101,0.0126556,0.0112977,0.000383914,0.0617542,7.98712e-06,-0.0160491,0.116232,3.92389e-07,0.0858559,0.125564,0.0856216,0.10011,0.0419394,0.0208946,-0.117123,-5.31186e-05,0.000185762,0.0743925,-0.0346175,-0.00219997,-0.00169592,0.0476763,-0.00773555,-1.6287e-06,0.060283,0.0504195,-0.0418894,-0.207996],[1.89017e-05,5.38093e-08,5.19923e-06,5.25478e-06,-5.06088e-08,1.65966e-06,-7.93004e-08,6.9862e-06,-4.49143e-06,1.02238e-05,1.12734e-05,9.71192e-06,-4.43258e-09,4.0455e-07,5.29195e-08,8.15106e-06,3.92389e-07,5.09755e-07,1.8592e-05,2.81684e-05,4.01005e-07,-2.85949e-05,-2.32034e-05,-2.56587e-05,-0.000213832,2.95142e-07,8.14231e-07,2.06262e-05,-1.5145e-06,5.63962e-07,-2.50426e-06,-5.14413e-05,1.70856e-05,9.79842e-09,-3.99447e-05,3.04845e-05,-6.05567e-05,-0.00029181],[0.0977735,1.24591e-06,0.00163067,-0.00014646,-6.78689e-05,0.00230438,-1.68451e-05,-0.023088,0.00964111,0.0273407,0.00954382,0.00837561,0.000396147,0.0643831,1.48623e-05,-0.0147725,0.0858559,1.8592e-05,0.132044,0.166343,0.130702,0.0914969,0.081799,0.0280764,-0.060153,-4.25882e-05,0.000522095,0.105094,-0.0358646,-0.00241536,-0.00180017,0.0347969,-0.00324617,6.58842e-07,0.0446168,0.0839077,-0.0190601,-0.135192],[0.141839,-5.58802e-06,0.00149255,-0.000335362,-0.000123075,0.00314674,-2.62487e-05,-0.0348171,0.00783572,0.0395996,0.0137312,0.0119121,0.00105201,0.162582,1.55534e-05,-0.038569,0.125564,2.81684e-05,0.166343,0.339833,0.198525,0.140284,0.125784,0.0918325,-0.108595,-1.19815e-05,-0.00182658,0.144386,-0.0965243,-0.00994194,-0.00875019,0.0445618,0.00140784,1.36277e-06,0.059908,0.0599849,0.0153548,-0.227923],[0.112646,7.17617e-06,0.0024181,-0.00398623,-8.79318e-05,0.000839393,-2.61658e-05,-0.025243,0.0169833,0.0312566,0.00619248,0.00511488,0.000734146,0.113526,1.72417e-05,-0.0234494,0.0856216,4.01005e-07,0.130702,0.198525,0.174303,0.0972572,0.1128,0.0707255,-0.000678491,-4.39112e-05,-0.000396654,0.114867,-0.0671379,-0.00643738,-0.00684755,0.0341951,0.00418012,-2.56309e-06,0.041693,0.0547999,0.0342638,-0.0501536],[0.0791584,-4.33345e-06,0.00121276,-0.00230726,-6.38499e-05,0.0048704,-5.47276e-06,-0.0181943,0.00509294,0.0336506,0.0131044,0.0112592,0.000503683,0.07927,9.94665e-06,-0.020336,0.10011,-2.85949e-05,0.0914969,0.140284,0.0972572,0.137468,0.0530131,0.0341724,-0.106083,-5.27546e-05,-0.000641289,0.079867,-0.0457911,-0.00342485,-0.00361287,0.0564084,-0.00822236,-7.27931e-07,0.0699371,0.0439323,-0.0323491,-0.199785],[0.0927808,1.48649e-06,0.00142978,-0.00326088,-7.24447e-05,-0.0184783,-1.31173e-05,-0.010057,0.0163381,0.0167645,-0.00375201,-0.00284537,0.000482085,0.07296,1.64386e-05,-0.00626959,0.0419394,-2.32034e-05,0.081799,0.125784,0.1128,0.0530131,0.137174,0.058155,0.089251,1.04381e-05,0.00101426,0.0783478,-0.0434119,-0.00428508,-0.00662684,0.0296398,0.0104412,2.24423e-06,0.0282229,0.039538,0.0720992,0.100586],[0.0391685,4.5633e-06,0.000896585,-0.00404142,-3.69378e-05,-0.000287035,-5.78617e-06,-0.00901344,0.00626108,0.0129923,-0.00227629,-0.00211842,0.000790186,0.119603,4.4371e-06,-0.0258271,0.0208946,-2.56587e-05,0.0280764,0.0918325,0.0707255,0.0341724,0.058155,0.104357,0.0695922,-3.03553e-05,0.00194905,0.0294783,-0.0693951,-0.00499005,-0.00465101,0.0141161,0.0094501,2.13091e-06,0.0138829,-0.0561701,0.0918967,0.0870052],[-0.0265648,3.73651e-05,0.0036759,-0.00543435,6.46703e-05,-0.00502697,-6.62754e-06,0.0112421,0.0185549,-0.00462957,-0.0361114,-0.0346059,-1.21285e-05,-0.00233987,3.31866e-05,0.0135288,-0.117123,-0.000213832,-0.060153,-0.108595,-0.000678491,-0.106083,0.089251,0.0695922,1.35765,-0.00148082,0.00622461,-0.0434724,0.00257397,0.0024777,-0.00059549,0.0242289,0.0103445,2.3864e-05,-0.00903912,-0.0830348,0.245635,1.58813],[1.19763e-05,4.45102e-08,6.66678e-06,-1.43268e-05,-5.68886e-08,-5.77658e-06,-3.21857e-08,5.34293e-05,1.52388e-05,-3.63823e-06,-2.17601e-05,-8.15584e-06,-3.58693e-07,-6.76615e-05,3.1646e-08,6.82485e-05,-5.31186e-05,2.95142e-07,-4.25882e-05,-1.19815e-05,-4.39112e-05,-5.27546e-05,1.04381e-05,-3.03553e-05,-0.00148082,4.17078e-06,-4.41947e-07,-3.10132e-06,2.72586e-05,-4.95751e-06,-1.6801e-05,-6.31001e-05,6.14559e-05,1.5341e-08,-7.74638e-05,7.67643e-06,8.30363e-05,-0.00167926],[0.00139569,4.68005e-07,-0.00121834,-0.00015366,3.45524e-06,-0.00169137,-6.03032e-08,0.000564569,-0.00390096,0.000567672,-0.000253098,-0.000221121,-2.26093e-05,4.96909e-05,-6.44967e-07,0.000695173,0.000185762,8.14231e-07,0.000522095,-0.00182658,-0.000396654,-0.000641289,0.00101426,0.00194905,0.00622461,-4.41947e-07,0.022224,0.000264371,0.00634155,0.00481953,0.00504824,0.00101759,0.000135858,-2.11382e-06,0.00146491,0.00313045,0.00380579,0.00853334],[0.0872652,-5.82067e-06,0.000930615,-0.000922382,-7.38988e-05,0.00197324,-1.33468e-05,-0.0168603,0.00776925,0.02501,0.00651734,0.00590917,0.000369984,0.058528,1.13902e-05,-0.00979762,0.0743925,2.06262e-05,0.105094,0.144386,0.114867,0.079867,0.0783478,0.0294783,-0.0434724,-3.10132e-06,0.000264371,0.099892,-0.0337866,-0.0031501,-0.00373615,0.0319153,0.000934331,-1.71003e-06,0.0392677,0.0688877,-0.00397758,-0.101948],[-0.0389454,-2.62806e-06,-0.00126364,-0.000669986,4.34777e-05,-0.00247691,8.50527e-06,0.0112055,-0.00440881,-0.0134553,-0.00281181,-0.00228655,-0.000714582,-0.102721,-8.01234e-06,0.0251142,-0.0346175,-1.5145e-06,-0.0358646,-0.0965243,-0.0671379,-0.0457911,-0.0434119,-0.0693951,0.00257397,2.72586e-05,0.00634155,-0.0337866,0.0792348,0.0129703,0.011657,-0.0129012,-0.00523832,-2.99425e-06,-0.0161529,0.0389133,-0.0446212,0.022614],[-0.00148028,8.56406e-07,0.00405559,-0.000270147,6.84811e-06,-0.0022798,1.1696e-06,0.000894048,-0.00289831,-0.00062649,2.5546e-05,6.63746e-05,-8.54232e-05,-0.00881802,-3.77304e-06,0.00212182,-0.00219997,5.63962e-07,-0.00241536,-0.00994194,-0.00643738,-0.00342485,-0.00428508,-0.00499005,0.0024777,-4.95751e-06,0.00481953,-0.0031501,0.0129703,0.506861,0.00603487,-0.000595953,-0.000891488,-6.04573e-06,-0.000536245,0.00726658,-0.001047,0.00390334],[-0.00365115,-5.02316e-07,-0.000687384,0.000225079,8.2164e-06,-0.00155677,2.16774e-07,-0.000343189,-0.00304759,-0.000850549,0.000521147,0.000504655,-7.73819e-05,-0.00709284,-1.88698e-06,0.000233195,-0.00169592,-2.50426e-06,-0.00180017,-0.00875019,-0.00684755,-0.00361287,-0.00662684,-0.00465101,-0.00059549,-1.6801e-05,0.00504824,-0.00373615,0.011657,0.00603487,0.0198626,-0.00196062,-0.00204814,-3.58812e-06,-0.00123187,0.00626765,-0.00630151,-0.00178926],[0.0415043,-1.62073e-05,-0.000441532,-0.000969504,0.000161842,0.00127815,4.44993e-05,-0.0018184,0.00159062,0.00163772,0.00200651,0.00196748,0.000159638,0.0226698,-1.77201e-05,-0.000261328,0.0476763,-5.14413e-05,0.0347969,0.0445618,0.0341951,0.0564084,0.0296398,0.0141161,0.0242289,-6.31001e-05,0.00101759,0.0319153,-0.0129012,-0.000595953,-0.00196062,0.324388,-0.0579734,8.82118e-06,0.323967,0.0166838,0.00345942,0.0152353],[0.00106604,1.56729e-06,-0.000125765,-0.000897552,-4.09435e-05,-0.000542716,-5.56408e-06,0.0036372,-0.00137288,0.00232958,-0.00302968,-0.00231145,5.33673e-05,0.00728924,2.96112e-06,0.0030249,-0.00773555,1.70856e-05,-0.00324617,0.00140784,0.00418012,-0.00822236,0.0104412,0.0094501,0.0103445,6.14559e-05,0.000135858,0.000934331,-0.00523832,-0.000891488,-0.00204814,-0.0579734,0.0182739,-2.22062e-05,-0.062661,-0.00903593,0.0233959,0.020481],[1.01362e-05,6.12104e-08,1.63967e-05,5.53197e-07,2.9362e-08,-1.16271e-06,4.04077e-08,-1.51929e-06,5.0282e-05,6.97293e-06,-6.65502e-07,-1.26477e-06,-9.75495e-10,-2.14281e-06,5.91821e-08,-9.37098e-07,-1.6287e-06,9.79842e-09,6.58842e-07,1.36277e-06,-2.56309e-06,-7.27931e-07,2.24423e-06,2.13091e-06,2.3864e-05,1.5341e-08,-2.11382e-06,-1.71003e-06,-2.99425e-06,-6.04573e-06,-3.58812e-06,8.82118e-06,-2.22062e-05,9.45508e-07,-2.02956e-05,2.09369e-06,9.38451e-06,2.57283e-05],[0.0474684,-1.38308e-05,-0.00123783,-0.00332452,0.000158795,0.00153105,3.91274e-05,-0.00504011,0.00248729,0.00382617,0.00516319,0.00468386,0.000199899,0.029051,-1.5359e-05,-0.00406776,0.060283,-3.99447e-05,0.0446168,0.059908,0.041693,0.0699371,0.0282229,0.0138829,-0.00903912,-7.74638e-05,0.00146491,0.0392677,-0.0161529,-0.000536245,-0.00123187,0.323967,-0.062661,-2.02956e-05,0.363941,0.0241172,-0.0120205,-0.0380272],[0.0642128,-8.41576e-06,0.00160658,-0.00122187,-3.86037e-05,-0.0120983,-8.01864e-06,-0.0105405,0.00605945,0.0137589,0.0076985,0.00690329,-0.000405278,-0.0544797,1.2507e-05,0.0136495,0.0504195,3.04845e-05,0.0839077,0.0599849,0.0547999,0.0439323,0.039538,-0.0561701,-0.0830348,7.67643e-06,0.00313045,0.0688877,0.0389133,0.00726658,0.00626765,0.0166838,-0.00903593,2.09369e-06,0.0241172,0.144675,-0.0808559,-0.148813],[0.0113228,2.10071e-05,0.000561985,-0.00515316,-2.1361e-06,-0.00587084,-6.62875e-06,0.00916406,0.0106141,0.00280544,-0.0187364,-0.016234,0.000528085,0.075622,1.20606e-05,-0.00174989,-0.0418894,-6.05567e-05,-0.0190601,0.0153548,0.0342638,-0.0323491,0.0720992,0.0918967,0.245635,8.30363e-05,0.00380579,-0.00397758,-0.0446212,-0.001047,-0.00630151,0.00345942,0.0233959,9.38451e-06,-0.0120205,-0.0808559,0.205581,0.347896],[-0.0788743,3.7581e-05,-0.000393857,-0.0103164,0.00011006,-0.00770044,4.01011e-06,0.0283694,0.0268514,-0.0228516,-0.0523672,-0.0569179,-0.00021088,-0.0359155,2.80668e-05,0.0308162,-0.207996,-0.00029181,-0.135192,-0.227923,-0.0501536,-0.199785,0.100586,0.0870052,1.58813,-0.00167926,0.00853334,-0.101948,0.022614,0.00390334,-0.00178926,0.0152353,0.020481,2.57283e-05,-0.0380272,-0.148813,0.347896,2.47059]]
vc = Matrix(38,names,values)
BIOGEME_OBJECT.VARCOVAR = vc
