# This file has automatically been generated
# biogeme 2.4 [Jeu 28 aoû 2014 16:02:53 CEST]
# <a href='http://people.epfl.ch/michel.bierlaire'>Michel Bierlaire</a>, <a href='http://transp-or.epfl.ch'>Transport and Mobility Laboratory</a>, <a href='http://www.epfl.ch'>Ecole Polytechnique F&eacute;d&eacute;rale de Lausanne (EPFL)</a>
# Tue Sep  1 18:47:08 2015</p>
#
ASC_KLE = Beta('ASC_KLE',-3.70215,-100,100,0,'ASC_KLE' )

BETA_DISTANCE_LUNCH_CAF = Beta('BETA_DISTANCE_LUNCH_CAF',-0.00405998,-100,100,0,'BETA_DISTANCE_LUNCH_CAF' )

ALPHA_FIRST_LUNCH_CHOICE = Beta('ALPHA_FIRST_LUNCH_CHOICE',1.14747,-100,100,0,'ALPHA_FIRST_LUNCH_CHOICE' )

ALPHA_FIRST_MORNING_CHOICE = Beta('ALPHA_FIRST_MORNING_CHOICE',1.59026,-100,100,0,'ALPHA_FIRST_MORNING_CHOICE' )

ALPHA_MOST_CHOSEN_LUNCH = Beta('ALPHA_MOST_CHOSEN_LUNCH',0,-100,100,1,'ALPHA_MOST_CHOSEN_LUNCH' )

ALPHA_MOST_CHOSEN_MORNING = Beta('ALPHA_MOST_CHOSEN_MORNING',0,-100,100,1,'ALPHA_MOST_CHOSEN_MORNING' )

RHO_PREVIOUS_MORNING_CHOICE = Beta('RHO_PREVIOUS_MORNING_CHOICE',0.770784,-100,100,0,'RHO_PREVIOUS_MORNING_CHOICE' )

RHO_PREVIOUS_LUNCH_CHOICE = Beta('RHO_PREVIOUS_LUNCH_CHOICE',0.60384,-100,100,0,'RHO_PREVIOUS_LUNCH_CHOICE' )

BETA_DISTANCE_MORNING = Beta('BETA_DISTANCE_MORNING',-0.00433315,-100,100,0,'BETA_DISTANCE_MORNING' )

BETA_TAP_BEER_AFTER_LUNCH = Beta('BETA_TAP_BEER_AFTER_LUNCH',0.994145,-100,100,0,'BETA_TAP_BEER_AFTER_LUNCH' )

BETA_DISTANCE_AFTERNOON = Beta('BETA_DISTANCE_AFTERNOON',-0.000956599,-100,100,0,'BETA_DISTANCE_AFTERNOON' )

BETA_EVALUATION_CAFET = Beta('BETA_EVALUATION_CAFET',2.16181,-100,100,0,'BETA_EVALUATION_CAFET' )

BETA_NO_DISTANCE_AV = Beta('BETA_NO_DISTANCE_AV',-3.53343,-100,100,0,'BETA_NO_DISTANCE_AV' )

BETA_DINNER = Beta('BETA_DINNER',0.468299,-100,100,0,'BETA_DINNER' )

BETA_PRICE_STUDENT = Beta('BETA_PRICE_STUDENT',-0.357244,-100,100,0,'BETA_PRICE_STUDENT' )

BETA_PRICE_EMPLOYEE = Beta('BETA_PRICE_EMPLOYEE',-0.2378,-100,100,0,'BETA_PRICE_EMPLOYEE' )

BETA_METEO_TERRACE = Beta('BETA_METEO_TERRACE',0,-100,100,1,'BETA_METEO_TERRACE' )

BETA_CAPACITY_INSIDE = Beta('BETA_CAPACITY_INSIDE',0.0110633,-100,100,0,'BETA_CAPACITY_INSIDE' )

SIGMA_LUNCH_KLE = Beta('SIGMA_LUNCH_KLE',-2.52698,-100,100,0,'SIGMA_LUNCH_KLE' )

SIGMA_MORNING_KLE = Beta('SIGMA_MORNING_KLE',-1.42202,-100,100,0,'SIGMA_MORNING_KLE' )

ALPHA_FREQUENCY_LUNCH = Beta('ALPHA_FREQUENCY_LUNCH',0,-100,100,1,'ALPHA_FREQUENCY_LUNCH' )

ALPHA_FREQUENCY_MORNING = Beta('ALPHA_FREQUENCY_MORNING',0,-100,100,1,'ALPHA_FREQUENCY_MORNING' )

ASC_BC = Beta('ASC_BC',-0.926837,-100,100,0,'ASC_BC' )

BETA_DISTANCE_LUNCH_SELF = Beta('BETA_DISTANCE_LUNCH_SELF',-0.00408109,-100,100,0,'BETA_DISTANCE_LUNCH_SELF' )

BETA_EVALUATION_SELF = Beta('BETA_EVALUATION_SELF',2.34852,-100,100,0,'BETA_EVALUATION_SELF' )

SIGMA_LUNCH_BC = Beta('SIGMA_LUNCH_BC',-2.44333,-100,100,0,'SIGMA_LUNCH_BC' )

SIGMA_MORNING_BC = Beta('SIGMA_MORNING_BC',-1.9394,-100,100,0,'SIGMA_MORNING_BC' )

ASC_BM  = Beta('ASC_BM ',-0.174928,-100,100,0,'ASC_BM ' )

SIGMA_LUNCH_BM = Beta('SIGMA_LUNCH_BM',-3.39067,-100,100,0,'SIGMA_LUNCH_BM' )

SIGMA_MORNING_BM = Beta('SIGMA_MORNING_BM',-0.28527,-100,100,0,'SIGMA_MORNING_BM' )

BETA_DISTANCE_LUNCH_OTHER = Beta('BETA_DISTANCE_LUNCH_OTHER',-8.66487e-05,-100,100,0,'BETA_DISTANCE_LUNCH_OTHER' )

ASC_ELA  = Beta('ASC_ELA ',-0.806316,-100,100,0,'ASC_ELA ' )

SIGMA_LUNCH_ELA = Beta('SIGMA_LUNCH_ELA',-0.867828,-100,100,0,'SIGMA_LUNCH_ELA' )

SIGMA_MORNING_ELA = Beta('SIGMA_MORNING_ELA',-1.06306,-100,100,0,'SIGMA_MORNING_ELA' )

ASC_INM  = Beta('ASC_INM ',-1.71968,-100,100,0,'ASC_INM ' )

SIGMA_LUNCH_INM  = Beta('SIGMA_LUNCH_INM ',1.56479,-100,100,0,'SIGMA_LUNCH_INM ' )

SIGMA_MORNING_INM  = Beta('SIGMA_MORNING_INM ',-1.02982,-100,100,0,'SIGMA_MORNING_INM ' )

ASC_MX  = Beta('ASC_MX ',-1.70968,-100,100,0,'ASC_MX ' )

SIGMA_LUNCH_MX  = Beta('SIGMA_LUNCH_MX ',2.13775,-100,100,0,'SIGMA_LUNCH_MX ' )

SIGMA_MORNING_MX  = Beta('SIGMA_MORNING_MX ',-0.657694,-100,100,0,'SIGMA_MORNING_MX ' )

ASC_PH  = Beta('ASC_PH ',0.523755,-100,100,0,'ASC_PH ' )

SIGMA_LUNCH_PH  = Beta('SIGMA_LUNCH_PH ',4.03897,-100,100,0,'SIGMA_LUNCH_PH ' )

SIGMA_MORNING_PH  = Beta('SIGMA_MORNING_PH ',0.1425,-100,100,0,'SIGMA_MORNING_PH ' )

ASC_ARC = Beta('ASC_ARC',-2.03047,-100,100,0,'ASC_ARC' )

SIGMA_LUNCH_ARC = Beta('SIGMA_LUNCH_ARC',2.30511,-100,100,0,'SIGMA_LUNCH_ARC' )

SIGMA_MORNING_ARC = Beta('SIGMA_MORNING_ARC',-1.88598,-100,100,0,'SIGMA_MORNING_ARC' )

ASC_ATL  = Beta('ASC_ATL ',-0.981279,-100,100,0,'ASC_ATL ' )

SIGMA_LUNCH_ATL  = Beta('SIGMA_LUNCH_ATL ',-1.43734,-100,100,0,'SIGMA_LUNCH_ATL ' )

SIGMA_MORNING_ATL  = Beta('SIGMA_MORNING_ATL ',1.6121,-100,100,0,'SIGMA_MORNING_ATL ' )

ASC_COP = Beta('ASC_COP',1.3013,-100,100,0,'ASC_COP' )

BETA_DISTANCE_LUNCH_REST = Beta('BETA_DISTANCE_LUNCH_REST',0.00130508,-100,100,0,'BETA_DISTANCE_LUNCH_REST' )

SIGMA_LUNCH_COP = Beta('SIGMA_LUNCH_COP',7.25414,-100,100,0,'SIGMA_LUNCH_COP' )

SIGMA_MORNING_COP = Beta('SIGMA_MORNING_COP',0.393142,-100,100,0,'SIGMA_MORNING_COP' )

ASC_COR  = Beta('ASC_COR ',-0.515793,-100,100,0,'ASC_COR ' )

SIGMA_LUNCH_COR  = Beta('SIGMA_LUNCH_COR ',0.888887,-100,100,0,'SIGMA_LUNCH_COR ' )

SIGMA_MORNING_COR  = Beta('SIGMA_MORNING_COR ',-2.40972,-100,100,0,'SIGMA_MORNING_COR ' )

ASC_GIA  = Beta('ASC_GIA ',0.969888,-100,100,0,'ASC_GIA ' )

SIGMA_LUNCH_GIA  = Beta('SIGMA_LUNCH_GIA ',-1.16022,-100,100,0,'SIGMA_LUNCH_GIA ' )

SIGMA_MORNING_GIA  = Beta('SIGMA_MORNING_GIA ',-0.3752,-100,100,0,'SIGMA_MORNING_GIA ' )

ASC_PAR  = Beta('ASC_PAR ',-1.62521,-100,100,0,'ASC_PAR ' )

SIGMA_LUNCH_PAR  = Beta('SIGMA_LUNCH_PAR ',-1.03959,-100,100,0,'SIGMA_LUNCH_PAR ' )

SIGMA_MORNING_PAR  = Beta('SIGMA_MORNING_PAR ',-3.12626,-100,100,0,'SIGMA_MORNING_PAR ' )

ASC_VIN = Beta('ASC_VIN',-5.23635,-100,100,0,'ASC_VIN' )

SIGMA_LUNCH_VIN = Beta('SIGMA_LUNCH_VIN',-1.38799,-100,100,0,'SIGMA_LUNCH_VIN' )

SIGMA_MORNING_VIN = Beta('SIGMA_MORNING_VIN',-0.181505,-100,100,0,'SIGMA_MORNING_VIN' )

ASC_ESP  = Beta('ASC_ESP ',0,-100,100,1,'ASC_ESP ' )

SIGMA_LUNCH_ESP  = Beta('SIGMA_LUNCH_ESP ',0,-100,100,1,'SIGMA_LUNCH_ESP ' )

SIGMA_MORNING_ESP  = Beta('SIGMA_MORNING_ESP ',0,-100,100,1,'SIGMA_MORNING_ESP ' )

ASC_ORN  = Beta('ASC_ORN ',-1.30804,-100,100,0,'ASC_ORN ' )

SIGMA_LUNCH_ORN  = Beta('SIGMA_LUNCH_ORN ',0.0326446,-100,100,0,'SIGMA_LUNCH_ORN ' )

SIGMA_MORNING_ORN  = Beta('SIGMA_MORNING_ORN ',-0.0272695,-100,100,0,'SIGMA_MORNING_ORN ' )

ASC_PIZ  = Beta('ASC_PIZ ',-1.84322,-100,100,0,'ASC_PIZ ' )

SIGMA_LUNCH_PIZ  = Beta('SIGMA_LUNCH_PIZ ',-1.62354,-100,100,0,'SIGMA_LUNCH_PIZ ' )

SIGMA_MORNING_PIZ  = Beta('SIGMA_MORNING_PIZ ',0.560798,-100,100,0,'SIGMA_MORNING_PIZ ' )

BETA_EVALUATION_FAS_FOOD = Beta('BETA_EVALUATION_FAS_FOOD',2.76107,-100,100,0,'BETA_EVALUATION_FAS_FOOD' )

BETA_DISTANCE_LUNCH_FASTFOOD = Beta('BETA_DISTANCE_LUNCH_FASTFOOD',-0.0066649,-100,100,0,'BETA_DISTANCE_LUNCH_FASTFOOD' )

ASC_KEB  = Beta('ASC_KEB ',-1.93864,-100,100,0,'ASC_KEB ' )

SIGMA_LUNCH_KEB  = Beta('SIGMA_LUNCH_KEB ',0.769839,-100,100,0,'SIGMA_LUNCH_KEB ' )

SIGMA_MORNING_KEB  = Beta('SIGMA_MORNING_KEB ',1.05447,-100,100,0,'SIGMA_MORNING_KEB ' )

ASC_SAT  = Beta('ASC_SAT ',-2.21898,-100,100,0,'ASC_SAT ' )

SIGMA_LUNCH_SAT  = Beta('SIGMA_LUNCH_SAT ',1.35422,-100,100,0,'SIGMA_LUNCH_SAT ' )

SIGMA_MORNING_SAT  = Beta('SIGMA_MORNING_SAT ',2.06118,-100,100,0,'SIGMA_MORNING_SAT ' )

ASC_HOD  = Beta('ASC_HOD ',2.21047,-100,100,0,'ASC_HOD ' )

SIGMA_LUNCH_HOD  = Beta('SIGMA_LUNCH_HOD ',-0.447887,-100,100,0,'SIGMA_LUNCH_HOD ' )

SIGMA_MORNING_HOD  = Beta('SIGMA_MORNING_HOD ',-0.183094,-100,100,0,'SIGMA_MORNING_HOD ' )

ASC_VAL  = Beta('ASC_VAL ',0.416955,-100,100,0,'ASC_VAL ' )

SIGMA_LUNCH_VAL  = Beta('SIGMA_LUNCH_VAL ',6.67979,-100,100,0,'SIGMA_LUNCH_VAL ' )

SIGMA_MORNING_VAL  = Beta('SIGMA_MORNING_VAL ',0.39906,-100,100,0,'SIGMA_MORNING_VAL ' )


## Code for the sensitivity analysis
names = ['ASC_KLE','BETA_DISTANCE_LUNCH_CAF','ALPHA_FIRST_LUNCH_CHOICE','ALPHA_FIRST_MORNING_CHOICE','RHO_PREVIOUS_MORNING_CHOICE','RHO_PREVIOUS_LUNCH_CHOICE','BETA_DISTANCE_MORNING','BETA_TAP_BEER_AFTER_LUNCH','BETA_DISTANCE_AFTERNOON','BETA_EVALUATION_CAFET','BETA_NO_DISTANCE_AV','BETA_DINNER','BETA_PRICE_STUDENT','BETA_PRICE_EMPLOYEE','BETA_CAPACITY_INSIDE','SIGMA_LUNCH_KLE','SIGMA_MORNING_KLE','ASC_BC','BETA_DISTANCE_LUNCH_SELF','BETA_EVALUATION_SELF','SIGMA_LUNCH_BC','SIGMA_MORNING_BC','ASC_BM ','SIGMA_LUNCH_BM','SIGMA_MORNING_BM','BETA_DISTANCE_LUNCH_OTHER','ASC_ELA ','SIGMA_LUNCH_ELA','SIGMA_MORNING_ELA','ASC_INM ','SIGMA_LUNCH_INM ','SIGMA_MORNING_INM ','ASC_MX ','SIGMA_LUNCH_MX ','SIGMA_MORNING_MX ','ASC_PH ','SIGMA_LUNCH_PH ','SIGMA_MORNING_PH ','ASC_ARC','SIGMA_LUNCH_ARC','SIGMA_MORNING_ARC','ASC_ATL ','SIGMA_LUNCH_ATL ','SIGMA_MORNING_ATL ','ASC_COP','BETA_DISTANCE_LUNCH_REST','SIGMA_LUNCH_COP','SIGMA_MORNING_COP','ASC_COR ','SIGMA_LUNCH_COR ','SIGMA_MORNING_COR ','ASC_GIA ','SIGMA_LUNCH_GIA ','SIGMA_MORNING_GIA ','ASC_PAR ','SIGMA_LUNCH_PAR ','SIGMA_MORNING_PAR ','ASC_VIN','SIGMA_LUNCH_VIN','SIGMA_MORNING_VIN','ASC_ORN ','SIGMA_LUNCH_ORN ','SIGMA_MORNING_ORN ','ASC_PIZ ','SIGMA_LUNCH_PIZ ','SIGMA_MORNING_PIZ ','BETA_EVALUATION_FAS_FOOD','BETA_DISTANCE_LUNCH_FASTFOOD','ASC_KEB ','SIGMA_LUNCH_KEB ','SIGMA_MORNING_KEB ','ASC_SAT ','SIGMA_LUNCH_SAT ','SIGMA_MORNING_SAT ','ASC_HOD ','SIGMA_LUNCH_HOD ','SIGMA_MORNING_HOD ','ASC_VAL ','SIGMA_LUNCH_VAL ','SIGMA_MORNING_VAL ']
values = [[2.84385,0.000130321,-0.0396093,-0.00279204,-0.0757546,0.0252627,-1.28368e-05,-0.162434,4.8634e-05,0.0261323,0.00563399,0.186403,0.0164086,0.0268864,0.00205105,1.36357,1.50861,0.324842,3.61406e-05,0.0166023,0.0536192,0.109906,0.266771,-0.0667964,0.106805,6.00871e-05,0.247045,0.0426031,-0.0163217,0.378097,0.0378544,0.206393,0.149466,0.118447,0.0508479,0.179115,0.274906,0.0399321,0.439261,-0.0852081,0.10735,0.0635353,-0.0470373,0.0868842,0.0252718,4.55098e-06,-0.0292798,0.0288942,-0.0606651,0.0493243,-0.184395,0.183295,-0.0709794,0.0526331,-0.202555,0.0128547,-0.482157,-0.0282404,0.0217222,0.0293525,-0.0789493,0.228559,0.0213447,0.287064,-0.00645141,-0.250553,0.0416591,1.85939e-05,0.392857,-0.0790267,0.0243998,0.0534202,-0.0914188,0.0912383,0.0773807,0.147909,-0.271955,-0.262035,-0.00205393,0.0150998],[0.000130321,4.69585e-07,2.80612e-05,-1.89729e-05,-1.32557e-05,2.14742e-06,1.43991e-07,-2.50578e-05,-6.67302e-08,1.05034e-05,0.000180218,-3.4064e-05,-8.73617e-06,-8.49283e-06,-3.19453e-09,8.68471e-05,0.000144034,3.47771e-05,1.26973e-07,2.77819e-05,5.10408e-05,1.35038e-05,-6.49221e-05,-6.34082e-05,-6.94018e-05,8.59919e-08,2.40992e-05,2.14923e-06,1.96823e-05,-2.87446e-05,2.57266e-05,-4.15423e-05,1.82945e-05,4.43671e-05,2.28143e-05,-3.35791e-05,5.1898e-05,-2.95724e-05,-9.14186e-05,6.42475e-05,-5.06879e-05,-2.93296e-05,-2.3953e-05,-6.19422e-06,7.39527e-06,-1.58491e-07,0.000146713,-1.59086e-05,-3.22765e-06,1.223e-05,4.07836e-05,9.81367e-06,-2.32548e-05,1.20366e-05,1.68727e-05,2.6635e-06,4.80707e-05,0.000115376,-4.10183e-06,-2.79015e-05,-1.74848e-05,-1.43496e-05,1.34619e-06,0.000152909,-6.32786e-06,-0.000148643,-6.16567e-06,1.49555e-07,0.000169297,-4.44883e-07,-4.5825e-05,-7.01853e-06,5.26073e-05,-5.90394e-06,5.73598e-05,7.32504e-05,-2.38166e-05,9.29228e-06,0.000112288,-1.34862e-05],[-0.0396093,2.80612e-05,0.0448098,-2.91016e-05,0.0138155,-0.0138599,-4.19792e-05,-0.00721867,-3.04726e-05,-0.00444036,0.0202096,0.0196333,0.00232816,0.0017365,-0.000225567,-0.00837858,0.0161941,-0.0148437,4.18946e-06,-0.00108599,0.0343637,-0.0308615,-0.0373549,-0.0164669,-0.0237337,3.87186e-05,-0.0215059,-0.00515659,-0.017528,-0.0177285,-0.00539812,0.0154928,-0.0227574,-0.0129258,-0.00174487,-0.0218706,0.00190745,-0.00545034,-0.00890017,-0.0117852,0.0266452,-0.0190926,0.00204564,-0.0172868,-0.0477636,1.05092e-05,-0.0136723,-0.0151287,0.000414308,0.00474048,0.0982115,-0.0127456,-0.00218752,0.00204122,0.0310064,-0.00161066,0.0872807,-0.00461465,0.00687986,-8.42393e-05,-0.000115558,-0.0304153,-0.0139837,-0.0583318,0.000256196,0.0611276,-0.000653718,1.84052e-05,-0.0666508,0.0145334,-0.000111936,0.0204072,0.0125096,-0.00788195,-0.00397768,0.0713353,-0.00534417,-0.00430072,-0.0451371,-0.00772364],[-0.00279204,-1.89729e-05,-2.91015e-05,0.141986,-0.0571419,-0.0178617,-3.70297e-05,0.000668474,-4.60468e-05,0.00725093,0.00735491,-0.0374677,-0.00431031,-0.0050393,7.19638e-05,-0.0433608,-0.047902,0.0692206,1.80267e-05,0.0113104,0.0222413,-0.0093016,0.0419113,-0.0154378,0.00665514,2.72768e-05,0.0111229,-0.0070852,-0.113685,0.0849349,-0.0232404,-0.0246933,0.07979,-0.0280383,0.0132359,0.0376225,0.00988574,-0.0370621,0.0943019,-0.0123929,-0.0146845,0.074392,0.0222851,-0.0873475,0.0427991,-5.38881e-05,0.0785755,0.0107196,0.0323891,-0.000375999,-0.00796622,0.0596784,0.0206528,0.0169016,0.00850247,-0.00121161,0.053421,-0.00709498,0.00236974,0.0119352,0.0288177,-0.0429609,-0.00786113,0.0248879,0.00765933,0.0536599,0.0176674,1.66399e-05,-0.0181621,0.00771838,0.0330339,0.0727378,-0.00235155,-0.0324915,0.0441468,-0.0305042,-0.0444876,0.0473011,0.0627782,-0.00292562],[-0.0757546,-1.32557e-05,0.0138155,-0.0571419,0.0934481,0.00254334,-4.00833e-05,-0.0117823,3.50842e-05,1.42256e-06,-0.0157319,-0.0246611,0.00433446,0.0030502,-0.000445336,0.00282678,-0.00414315,-0.0627271,-1.08487e-05,-0.00141106,0.0184733,0.0108376,-0.0825159,-0.014811,-0.0193886,5.44825e-05,-0.0510633,0.00735716,0.0637031,-0.090961,-0.00273318,-0.00090884,-0.0903325,-0.0200169,-0.00688329,-0.054473,-0.0255978,0.00683123,-0.0404942,-0.0296449,0.061246,-0.0742668,-0.00961286,0.0155922,-0.114486,1.60012e-05,-0.00373861,-0.0059959,-0.000971109,-0.00964735,0.0873744,-0.0664996,0.000799181,-0.0169041,0.0238811,-0.0157061,0.155647,0.021127,-0.00690886,-0.0203874,-0.00252944,-0.0149483,0.000375834,-0.0842406,0.00216841,0.072835,-0.010669,5.92126e-05,-0.0848017,0.0130566,-0.0238888,0.00260874,0.00326883,-0.0273788,-0.0635682,0.0201387,0.0406755,-0.0834815,-0.0360765,-0.000477709],[0.0252627,2.14742e-06,-0.0138599,-0.0178617,0.00254334,0.0295509,1.87205e-05,-0.00889248,3.91484e-05,-0.00229719,0.00319213,0.0137558,0.000516812,0.000968584,3.48713e-05,0.0159877,0.004137,-0.0201017,-5.8918e-06,-0.00153023,-0.0243814,-0.00772571,0.0149737,0.0184781,0.0126356,-2.46168e-05,0.0145619,0.00762229,0.0272604,-0.00425647,-0.0074404,0.0132755,0.0157942,-0.0115977,0.0013598,0.00525495,-0.00673673,0.0098643,-0.00350843,0.00691217,-0.00204531,-0.0179698,-0.00282536,0.0256612,0.00572871,7.44461e-05,-0.0320558,-0.0108532,-0.0090065,-0.00768238,0.0521931,-0.000680926,-0.00313903,0.0001628,-0.014711,-8.10935e-05,-0.0725382,0.0593248,-0.00686834,-0.0179754,-0.0106881,0.0247976,0.00611754,0.0245276,0.00172061,-0.0167262,-0.00676614,2.28501e-06,0.0432427,-0.013442,0.00509777,-0.00866179,-0.00257012,0.013916,-0.00632723,-0.0105635,0.0544003,-0.0134539,-0.00424973,-0.0100206],[-1.28368e-05,1.43991e-07,-4.19792e-05,-3.70297e-05,-4.00833e-05,1.87205e-05,1.13873e-06,-1.51235e-05,5.05615e-08,-2.14351e-05,5.09806e-05,5.04472e-05,1.23728e-05,2.1895e-05,1.50851e-06,-7.30609e-06,-8.01339e-05,0.000207822,-1.207e-07,-6.09971e-05,1.2004e-05,0.000183744,0.000121894,4.97281e-05,-7.07107e-06,-2.11163e-07,5.17059e-05,1.18587e-05,1.0625e-05,5.20303e-05,5.32938e-05,-1.81944e-05,8.43658e-05,-2.43622e-05,3.23266e-05,9.39942e-05,6.62453e-05,3.10627e-05,3.5008e-05,-3.97222e-05,-6.28016e-05,9.97676e-05,2.02364e-05,3.44278e-05,0.000204733,-2.96372e-07,-0.000320534,6.80632e-05,-2.59855e-05,1.48822e-05,-0.000682437,3.4129e-05,-1.30783e-06,6.16892e-05,-0.000140666,8.11711e-05,-0.000740859,4.58195e-05,6.23879e-06,0.00010006,-1.00082e-05,8.85128e-05,9.09626e-05,0.000648466,-4.8652e-05,-0.000260389,-0.000141562,1.38701e-07,0.000824733,-4.03251e-05,-7.18869e-05,-0.000190249,-2.94355e-05,8.69887e-05,-2.17857e-05,-0.000114526,-9.8941e-05,2.19611e-05,-0.000130426,5.67226e-05],[-0.162434,-2.50578e-05,-0.00721867,0.000668474,-0.0117823,-0.00889248,-1.51235e-05,0.12059,-4.13016e-05,-0.00621018,-0.0390686,-0.0118877,0.00317098,0.0013781,0.000483982,-0.104218,-0.0907901,0.0791829,5.62907e-06,-0.0158306,-0.00468877,0.00289018,0.0307654,0.00262977,0.0216262,-5.5843e-05,0.0320446,-0.00918804,-0.00207569,0.0568669,0.00011494,-0.0546199,0.0331086,0.0140604,-0.00531804,0.0292116,0.0279332,-0.0209898,-0.170202,0.0838187,-0.112884,0.0455334,0.00456228,0.0124555,0.0640473,-0.000175623,-0.0108726,0.00339682,-0.00615912,-0.00110702,0.00116412,0.033479,0.00489071,-0.00775502,-0.0506656,0.00996824,-0.0949604,-0.00839972,0.000241406,0.00969759,-0.000735758,-0.0249068,0.011717,0.00577505,-0.013444,-0.0053366,0.00302034,-1.00847e-05,0.0215676,0.00588289,-0.00652836,-0.076085,0.0264031,0.0282111,0.0171672,-0.024258,-0.0392848,0.108341,-0.045903,0.00241509],[4.8634e-05,-6.67302e-08,-3.04726e-05,-4.60468e-05,3.50842e-05,3.91484e-05,5.05615e-08,-4.13016e-05,3.95136e-07,5.75707e-06,-3.72639e-05,6.99053e-05,-9.14982e-07,3.62701e-06,-5.19594e-07,0.00013992,1.74628e-05,-0.000183817,-5.45766e-08,1.8946e-06,-6.31082e-05,-1.2873e-05,-3.10631e-05,1.79986e-05,1.92893e-05,-1.03073e-07,-7.16418e-05,1.90031e-05,3.03069e-05,-0.000174317,2.71455e-05,2.69037e-05,-0.000156731,9.44567e-06,3.7933e-06,-5.84613e-05,-2.27632e-05,1.73508e-05,-0.000133896,3.95098e-06,-2.66187e-05,-8.17066e-05,-4.05258e-06,4.61832e-05,4.66417e-05,1.80065e-07,-0.000124963,6.5833e-06,-1.86438e-06,-2.05298e-05,0.000127862,-9.31197e-05,1.67235e-05,-4.19015e-06,1.558e-05,-3.16567e-05,0.000122471,0.000151681,-1.86093e-05,-6.38787e-05,-1.25537e-05,4.46483e-05,5.01587e-05,9.15904e-05,1.06401e-05,1.15566e-07,-4.90496e-05,2.78206e-07,9.95723e-05,-1.26738e-05,-2.7763e-05,-4.85844e-05,-1.61503e-05,2.86145e-05,-2.18196e-05,3.21107e-05,5.75254e-05,-5.30603e-05,-3.96292e-05,5.62481e-06],[0.0261323,1.05034e-05,-0.00444036,0.00725093,1.42256e-06,-0.00229719,-2.14351e-05,-0.00621018,5.75707e-06,0.0764594,-0.014091,-0.0263447,-0.0117477,-0.0112216,-0.000518082,0.00490206,-0.0074597,-0.109687,8.96924e-06,0.0952606,-0.0124061,0.0107568,-0.0467995,-0.102428,0.008803,3.96489e-05,-0.0614546,-0.0104506,-0.020391,-0.110413,0.00896187,-0.0315778,-0.0958032,0.0320667,0.00608603,-0.0265559,0.0891049,-0.0315985,-0.00111008,0.0263905,0.0567618,-0.0866248,-0.0145438,-0.0185893,-0.247452,-6.61014e-05,0.438982,-0.0287515,0.00583029,0.000961524,-0.0217664,-0.00702211,-0.0128635,-0.00777643,0.0476634,-0.00291195,0.0638982,0.00105306,-0.00177213,0.00296145,-0.0225768,0.0138503,0.0105813,-0.0225028,0.0106889,-0.0440853,0.074161,-7.51614e-06,-0.0461939,0.000889979,0.0111355,0.023123,0.0124037,-0.026132,0.00739991,-0.0484467,0.0471594,-0.0954968,0.273274,-0.0173731],[0.00563399,0.000180218,0.0202096,0.00735491,-0.0157319,0.00319213,5.09806e-05,-0.0390686,-3.72639e-05,-0.014091,0.268371,0.00827313,-0.00732905,-0.00995715,-0.000148341,0.0199245,0.126623,0.0503902,7.44086e-05,0.00075914,0.0682045,-0.00961325,-0.0278551,0.00945853,-0.0496557,3.42077e-05,0.0261133,0.000138227,-0.011661,0.0141182,0.0131683,0.0101739,0.135444,-0.00311215,0.0103934,-0.0383201,-0.00591516,-0.00195638,-0.0246182,0.0470369,-0.0345408,-0.00840862,-0.012088,-0.0084425,0.0310834,7.71832e-05,0.0226803,-0.0148102,-0.0257792,0.00953746,-0.0281379,7.27703e-05,-0.0168396,0.0189945,0.00266861,-0.0112752,0.0466167,0.0162394,-0.00175077,0.0021789,-0.0150543,-0.00275294,-0.0610658,0.0327742,0.0128492,-0.0197209,-0.00488227,9.59726e-05,-0.018039,0.00905056,0.0192822,0.0568428,0.00809433,-0.0250432,0.0453198,0.0722138,-0.00421107,0.0322026,0.0352075,-0.00370266],[0.186403,-3.4064e-05,0.0196333,-0.0374677,-0.0246611,0.0137558,5.04472e-05,-0.0118877,6.99053e-05,-0.0263447,0.00827313,0.357136,0.0100083,0.0169197,0.000283701,0.0619223,0.0658809,-0.0389403,-7.23192e-05,-0.0161413,-0.0566496,-0.0380044,0.180761,0.0784527,0.0497498,-9.11323e-05,0.12446,0.000702676,0.029972,0.123836,0.0225011,0.200578,0.0795464,0.00990659,0.00350699,0.0581175,0.102511,0.0502687,0.00707356,0.0223647,-0.0407324,-0.0230586,-0.0106629,0.0791564,0.103013,0.000431793,-0.29,0.0135424,-0.0522695,0.0208122,-0.31633,0.0720787,-0.0238809,-0.0169691,-0.029579,-0.0110465,-0.102428,0.0161778,0.0241092,0.00309792,-0.0451603,0.114756,-0.0236881,0.0400047,-0.00950617,0.0312536,-0.0213806,4.83594e-06,0.121092,-0.0481355,0.0287572,0.000871799,-0.0447714,0.137805,-0.0166,0.108623,-0.016357,-0.043789,-0.159915,0.024691],[0.0164086,-8.73617e-06,0.00232816,-0.00431031,0.00433446,0.000516812,1.23728e-05,0.00317098,-9.14982e-07,-0.0117477,-0.00732905,0.0100083,0.0106804,0.00937814,0.000260156,0.00498064,0.0054729,0.0395268,-1.02898e-05,-0.019944,-0.000278682,-0.00160453,0.0223044,-0.00799192,0.00566261,-7.8604e-06,0.0198844,0.00113468,0.00470023,0.0460972,-0.00188021,0.0158181,0.0116251,-0.00184555,0.00019395,0.0154057,0.0353923,0.00590637,-0.00377697,-0.0103111,-0.00981813,0.0122879,0.00585829,0.00773714,0.0180318,-4.94505e-05,-0.104656,0.00180001,-0.00131843,-0.00134732,0.000725771,0.0104956,-7.27774e-06,0.0026008,-0.0268616,0.00836501,-0.0643053,-0.0150075,0.00324691,0.00604705,-0.00387038,0.0011082,-0.0019219,0.0119568,-0.00336168,0.021416,-0.0114781,-7.89497e-06,0.0268176,-0.000518829,-0.00571024,-0.0108842,0.00385059,0.0117303,-0.0293017,0.0148959,-0.0105281,-0.0243797,-0.102487,-0.00110217],[0.0268864,-8.49283e-06,0.0017365,-0.0050393,0.0030502,0.000968584,2.1895e-05,0.0013781,3.62701e-06,-0.0112216,-0.00995715,0.0169197,0.00937814,0.0105426,0.000299122,0.00807869,0.00492572,0.041124,-1.61544e-05,-0.0208088,-0.00243208,0.00153606,0.0274017,-0.00445611,0.00905419,-1.77737e-05,0.0198597,0.00330162,0.00307303,0.0448615,-0.00165728,0.0205023,0.00598351,-0.000680519,0.00041155,0.0157901,0.0406925,0.0071657,-0.000613803,-0.0129196,-0.0114004,0.0151695,0.00506599,0.0113697,0.0332912,-2.04042e-05,-0.121818,0.00702915,-0.00498145,0.000431449,-0.0288606,0.00841533,-0.00174358,0.000364957,-0.0311288,0.00742925,-0.0778633,-0.0102203,0.00341505,0.00602625,-0.00505955,0.00827616,0.00126882,0.0171575,-0.00355192,0.0160793,-0.0121234,-9.88172e-06,0.0380072,-0.00437463,-0.00619265,-0.0191582,-0.000750928,0.0194636,-0.0306964,0.0176927,-0.0187508,-0.0292607,-0.0960766,0.00250843],[0.00205105,-3.19453e-09,-0.000225567,7.19638e-05,-0.000445336,3.48713e-05,1.50851e-06,0.000483982,-5.19594e-07,-0.000518082,-0.000148341,0.000283701,0.000260156,0.000299122,2.99937e-05,-0.000464708,-3.15454e-05,0.00457735,-3.38091e-07,-0.00106232,-0.000269229,0.000512496,0.00239114,-0.000125093,0.000692615,-1.75535e-06,0.00227864,0.000130403,-2.37461e-05,0.0045779,0.000231117,0.000732402,0.0030522,0.000129382,0.000172668,0.00207891,0.00168219,0.000402661,0.00104949,0.000173757,-0.00133401,0.0026399,0.000128573,0.000618366,0.00357844,7.6499e-07,-0.00476457,0.000835743,-0.000287453,0.000254683,-0.00526452,0.00188159,-0.000188929,6.59628e-05,-0.00294939,0.000576142,-0.00809619,-0.000284624,0.00012529,0.000430137,-0.000388021,0.000916979,2.38158e-05,0.00270011,-0.000343108,-0.00117904,-0.000297656,8.75188e-08,0.0035629,-0.000199593,-7.87655e-05,-0.00179042,0.000195242,0.00122962,0.000549705,-0.000552302,-0.00151028,0.00100541,-0.00278455,0.000664363],[1.36357,8.68471e-05,-0.00837858,-0.0433608,0.00282678,0.0159877,-7.30609e-06,-0.104218,0.00013992,0.00490206,0.0199245,0.0619223,0.00498064,0.00807869,-0.000464708,1.0328,1.0478,-0.088248,9.7499e-06,0.00530566,0.0431543,0.0798966,-0.023684,0.0226522,-0.00636632,8.35883e-05,-0.0497226,0.0263752,0.00974239,-0.154673,0.0147742,0.0348287,-0.193747,0.0705616,0.0296026,-0.0558843,-0.00105833,0.00430049,0.0320039,-0.0598093,0.0533854,-0.0819467,-0.0229475,0.0308811,0.0110295,8.93262e-06,-0.0848431,-0.0111244,-0.0318711,0.00885495,0.177115,-0.106752,-0.0194393,0.0485807,0.0560638,-0.0159978,0.173206,0.0146913,0.00669356,-0.0135456,-0.0117595,0.0591207,0.0270542,-0.0250822,0.0160731,-0.128214,-0.0132704,-4.80002e-05,0.0198254,-0.0419099,-0.0125834,0.0388238,-0.0708517,-0.0043721,-0.00500002,0.248248,-0.0518916,-0.112939,-0.100268,-0.00737306],[1.50861,0.000144034,0.0161941,-0.047902,-0.00414315,0.004137,-8.01339e-05,-0.0907901,1.74628e-05,-0.0074597,0.126623,0.0658809,0.0054729,0.00492572,-3.15454e-05,1.0478,1.23962,0.0330112,7.03463e-05,-0.00124536,0.0714282,0.0243052,-0.0169249,-0.0016618,-0.0195029,0.000162266,0.0306375,0.00615929,0.0310104,-0.0129642,0.0209024,0.0717553,0.0246637,0.0055381,0.0321176,-0.0485684,0.0256775,0.0153638,0.0798528,-0.028944,0.063792,-0.0420333,-0.0336051,0.02463,-0.0133693,8.78136e-05,-0.0512561,-0.0153764,-0.039596,0.0184891,0.0066874,-0.035067,-0.0357034,0.0455268,0.00462876,-0.0218653,0.0877987,0.0039554,0.00965737,-0.00214931,-0.0318195,0.0663653,-0.0436677,-0.0896762,0.00500551,-0.0966687,0.0138024,-8.64781e-06,-0.0686266,-0.0260291,0.0209329,0.0604555,-0.0548254,-0.0113007,0.0459493,0.274737,-0.0771183,-0.0393312,-0.114088,0.00251976],[0.324842,3.47771e-05,-0.0148437,0.0692206,-0.0627271,-0.0201017,0.000207822,0.0791829,-0.000183817,-0.109687,0.0503902,-0.0389403,0.0395268,0.041124,0.00457735,-0.088248,0.0330112,0.887018,-2.76523e-05,-0.194684,0.112535,0.10015,0.344738,0.00443945,0.0674315,-0.000224869,0.357421,0.0208032,-0.0485126,0.744744,0.0150744,0.0507885,0.556536,-0.0181625,0.0165525,0.326652,0.18598,0.0414148,0.227091,-0.000969339,-0.179157,0.469544,0.03879,0.0281417,0.569479,0.000114414,-0.782469,0.117187,-0.0208896,0.0363291,-0.701422,0.306143,-0.00719303,0.0435285,-0.442905,0.0915573,-1.06294,-0.0942349,0.0175303,0.0864482,-0.0158667,0.0565377,-0.0211039,0.407304,-0.048163,-0.121228,-0.0681992,-5.5273e-06,0.501006,-0.00420451,-0.0146626,-0.206777,0.0301453,0.119483,0.125435,-0.0543057,-0.34498,0.277152,-0.49756,0.0980266],[3.61406e-05,1.26973e-07,4.18946e-06,1.80267e-05,-1.08487e-05,-5.8918e-06,-1.207e-07,5.62907e-06,-5.45766e-08,8.96924e-06,7.44086e-05,-7.23192e-05,-1.02898e-05,-1.61544e-05,-3.38091e-07,9.7499e-06,7.03463e-05,-2.76523e-05,2.16674e-07,1.6331e-05,-1.59003e-06,-6.24603e-05,-6.32805e-05,-6.34533e-06,-3.60957e-05,1.41891e-07,-3.17132e-05,-1.75411e-05,1.29871e-05,-1.49547e-05,9.65867e-06,-2.53097e-05,-3.50457e-06,1.46514e-05,-1.29557e-06,-4.60894e-05,-5.0652e-05,-2.35224e-05,-9.11215e-05,6.42636e-05,-3.77651e-05,4.98327e-06,-1.29287e-05,-3.84154e-05,-6.00803e-05,9.55024e-08,0.000179234,-2.29e-05,2.13811e-05,-7.46896e-06,0.000278605,-1.12231e-05,8.07203e-06,-9.47533e-06,3.38637e-05,-3.7969e-05,0.000230394,1.00898e-05,-5.81898e-06,-2.67335e-05,1.15543e-05,-5.51416e-05,-1.54876e-05,-5.15076e-05,4.74008e-06,-3.87261e-05,2.13574e-05,8.44255e-08,-0.000100498,2.30286e-05,-3.17354e-06,1.77424e-05,3.20252e-05,-3.99794e-05,4.01561e-05,-3.56635e-05,-1.06211e-05,4.71582e-05,0.000122898,-1.12618e-05],[0.0166023,2.77819e-05,-0.00108599,0.0113104,-0.00141106,-0.00153023,-6.09971e-05,-0.0158306,1.8946e-06,0.0952606,0.00075914,-0.0161413,-0.019944,-0.0208088,-0.00106232,0.00530566,-0.00124536,-0.194684,1.6331e-05,0.136477,-0.00620832,0.00658334,-0.0702091,-0.113712,0.0012718,7.98575e-05,-0.0615587,-0.0179848,-0.0189224,-0.1449,0.00600886,-0.0322965,-0.0967783,0.0307035,0.00612663,-0.0449146,0.0718174,-0.0381257,0.0303555,0.0312143,0.0979552,-0.145456,-0.0223031,-0.0278458,-0.360016,-9.2169e-05,0.63266,-0.0459914,0.00988546,0.000692684,0.013433,0.00407499,-0.017689,-0.00719769,0.0986868,-0.0132424,0.184652,0.0094921,-0.00171686,-0.0039884,-0.0238019,0.0119573,0.00193853,-0.0476375,0.0154472,-0.0313291,0.095616,-6.27212e-06,-0.0894017,0.00120321,0.0254428,0.0963018,0.0103516,-0.0501546,0.0149961,-0.0503106,0.0931633,-0.119694,0.394196,-0.0305935],[0.0536192,5.10408e-05,0.0343637,0.0222413,0.0184733,-0.0243814,1.2004e-05,-0.00468877,-6.31082e-05,-0.0124061,0.0682045,-0.0566496,-0.000278682,-0.00243208,-0.000269229,0.0431543,0.0714282,0.112535,-1.59003e-06,-0.00620832,0.235239,0.126759,-0.0506088,0.000200201,-0.0288478,5.82724e-05,-0.00635241,-0.00505183,-0.01099,-0.00990965,-0.006556,-0.0498591,0.00791509,-0.0263443,-0.0110883,-0.0216999,-0.0577997,-0.040306,0.023224,-0.0251264,0.0522576,-0.00963926,0.0129248,-0.054711,-0.0367547,-0.000442466,0.0694402,0.0246085,0.00408566,0.00451535,0.0225254,-0.00344394,0.004676,0.0395755,0.0399958,0.0133047,0.295901,-0.0427744,0.00471891,0.0104299,0.0215006,-0.0668269,0.0011159,-0.0169174,0.00340536,0.0233725,-0.012912,-2.26723e-05,-0.0339084,0.0270044,-0.00113978,0.0746876,0.00917727,-0.0748856,0.00635876,0.0684139,-0.190131,0.045802,-0.026422,0.00951605],[0.109906,1.35038e-05,-0.0308615,-0.0093016,0.0108376,-0.00772571,0.000183744,0.00289018,-1.2873e-05,0.0107568,-0.00961325,-0.0380044,-0.00160453,0.00153606,0.000512496,0.0798966,0.0243052,0.10015,-6.24603e-05,0.00658334,0.126759,0.367869,0.0341636,-0.0113271,0.0322262,-4.93014e-05,0.0478342,0.00456988,0.0343664,0.0718363,0.0503467,-0.0344392,-0.0118513,0.0568608,0.017896,0.0411237,-0.00872387,-0.0258311,0.0796236,-0.0362287,0.0100907,0.0328356,0.00375277,0.00189329,0.112308,-0.000771033,0.115143,0.188885,-0.0329087,0.0361784,-0.935667,0.017041,-0.0259723,0.0277991,-0.0507968,0.0219693,-0.0217774,-0.0303909,0.00627624,0.010174,-0.00959225,0.103363,0.0489726,0.130549,-0.0046041,-0.2342,-0.000495175,-9.71414e-05,0.170494,-0.0176916,-0.00413414,-0.012671,-0.00422406,-0.0113756,-0.0353824,-0.066596,-0.217319,-0.0549601,0.0838753,0.11565],[0.266771,-6.49221e-05,-0.0373549,0.0419113,-0.0825159,0.0149737,0.000121894,0.0307654,-3.10631e-05,-0.0467995,-0.0278551,0.180761,0.0223044,0.0274017,0.00239114,-0.023684,-0.0169249,0.344738,-6.32805e-05,-0.0702091,-0.0506088,0.0341636,0.605732,0.177736,0.182644,-0.000274958,0.281231,0.00762598,-0.045484,0.494862,0.0124318,0.1343,0.364788,-0.0168057,0.0174346,0.234672,0.20781,0.0531075,0.209027,0.0149307,-0.112685,0.208636,0.0139662,0.0848098,0.340147,-1.67497e-05,-0.397721,0.0865825,-0.0242778,0.027907,-0.693229,0.259463,-0.0156596,0.0162815,-0.250144,0.0320305,-0.812726,-0.0287446,0.0258016,0.0490011,-0.0274947,0.146583,-0.00444867,0.285935,-0.0219108,-0.0623646,-0.0225797,-7.29807e-05,0.388349,-0.0653754,0.0380409,-0.0565532,-0.0276636,0.161403,0.0457742,-0.0352405,-0.104489,0.1054,-0.232973,0.0543154],[-0.0667964,-6.34082e-05,-0.0164669,-0.0154378,-0.014811,0.0184781,4.97281e-05,0.00262977,1.79986e-05,-0.102428,0.00945853,0.0784527,-0.00799192,-0.00445611,-0.000125093,0.0226522,-0.0016618,0.00443945,-6.34533e-06,-0.113712,0.000200201,-0.0113271,0.177736,0.37068,0.0330718,-7.73366e-05,0.00761964,0.012721,-0.00731788,-0.0148966,-0.0124891,0.0132209,0.083316,-0.0754452,-0.0170488,-0.000456627,-0.281288,0.0408825,-0.0245257,-0.0157733,-0.0689226,0.0742616,0.00606762,0.042815,0.39027,9.88376e-05,-0.515196,0.0493805,-0.0175136,-0.0106483,-0.0035751,-0.0552643,0.0248382,-0.00162507,0.0214199,-0.0215498,0.0305721,0.0486341,-0.00107321,-0.0180743,0.0573757,-0.0135691,0.00724993,-0.00511633,-0.000608163,0.0138428,-0.111347,-2.55175e-05,0.0311034,-0.0366957,-0.00439476,-0.0251637,-0.0615869,0.042605,0.047587,0.0569939,-0.0553231,0.253031,-0.236755,0.0352061],[0.106805,-6.94018e-05,-0.0237337,0.00665514,-0.0193886,0.0126356,-7.07107e-06,0.0216262,1.92893e-05,0.008803,-0.0496557,0.0497498,0.00566261,0.00905419,0.000692615,-0.00636632,-0.0195029,0.0674315,-3.60957e-05,0.0012718,-0.0288478,0.0322262,0.182644,0.0330718,0.105084,-8.31439e-05,0.065585,-0.000308959,-0.00925214,0.107613,0.0151174,0.0243495,0.0706979,-0.0135327,0.00364848,0.0526127,0.0874098,0.00881253,0.032077,0.0168899,-0.0265028,0.033727,0.00201041,0.035238,0.0484023,-0.000142414,-0.0169142,0.0364291,-0.0178457,0.0119809,-0.226323,0.0694037,-0.00739235,-0.00745187,-0.0859911,0.00962634,-0.277683,0.00172116,0.00410168,0.014984,-0.0238975,0.0726422,0.00827095,0.0443847,-0.00846778,-0.0329884,0.0182842,-1.332e-05,0.0812808,-0.0222131,0.0204902,-0.0366562,-0.00354878,0.0497964,-0.0167496,-0.0545225,-0.0400262,-0.0160816,-0.00278595,0.0199225],[6.00871e-05,8.59919e-08,3.87186e-05,2.72768e-05,5.44825e-05,-2.46168e-05,-2.11163e-07,-5.5843e-05,-1.03073e-07,3.96489e-05,3.42077e-05,-9.11323e-05,-7.8604e-06,-1.77737e-05,-1.75535e-06,8.35883e-05,0.000162266,-0.000224869,1.41891e-07,7.98575e-05,5.82724e-05,-4.93014e-05,-0.000274958,-7.73366e-05,-8.31439e-05,8.01596e-07,-9.84063e-05,-3.47772e-05,6.57393e-06,-6.72866e-05,-3.96686e-05,4.21893e-05,-8.1118e-05,-9.38498e-05,-1.20991e-05,-0.000143952,-0.000191948,-3.90553e-05,-1.7499e-05,-2.92453e-05,0.000164859,-0.000176918,-3.77661e-05,-0.000104723,-0.000540892,-2.33392e-07,0.00050978,-7.83217e-05,4.54019e-05,-2.81408e-05,0.000450779,-7.91682e-05,-3.46969e-06,-2.56742e-05,0.000218862,-5.31456e-05,0.000823945,8.83879e-06,7.85795e-06,-3.8045e-05,2.4318e-05,-0.000140445,-4.59364e-05,-0.000258109,1.71836e-05,0.000288754,5.48406e-05,2.01873e-07,-0.000338954,2.79536e-05,-1.4387e-05,0.00019628,-1.20125e-05,-0.000148886,-3.77837e-05,4.11088e-05,-2.7319e-06,-0.000195734,0.000200737,-7.26147e-05],[0.247045,2.40992e-05,-0.0215059,0.0111229,-0.0510633,0.0145619,5.17059e-05,0.0320446,-7.16418e-05,-0.0614546,0.0261133,0.12446,0.0198844,0.0198597,0.00227864,-0.0497226,0.0306375,0.357421,-3.17132e-05,-0.0615587,-0.00635241,0.0478342,0.281231,0.00761964,0.065585,-9.84063e-05,0.396804,-0.00160901,0.0620031,0.595365,0.00277835,0.148217,0.484267,-0.0204591,0.017426,0.235765,0.121447,0.0615008,0.281901,0.00351537,-0.0547758,0.175005,0.00186636,0.0743049,0.227297,-1.16204e-05,-0.281985,0.0749622,-0.0240953,0.0287873,-0.589895,0.316448,-0.0330846,0.0164099,-0.238468,0.0365697,-0.65316,-0.00554566,0.0189203,0.0234743,-0.0372296,0.114503,-0.0401912,0.263022,-0.0378949,-0.0296239,-0.0191305,9.57629e-06,0.345535,-0.027191,0.0345524,0.0593269,-0.00255499,0.0942794,0.0453062,-0.0456536,-0.052788,0.0501195,-0.168491,0.0483301],[0.0426031,2.14923e-06,-0.00515659,-0.0070852,0.00735716,0.00762229,1.18587e-05,-0.00918804,1.90031e-05,-0.0104506,0.000138227,0.000702676,0.00113468,0.00330162,0.000130403,0.0263752,0.00615929,0.0208032,-1.75411e-05,-0.0179848,-0.00505183,0.00456988,0.00762598,0.012721,-0.000308959,-3.47772e-05,-0.00160901,0.0347812,-0.0252313,-0.0069932,-0.00126647,-0.0020704,0.0072762,-0.00362045,0.0030347,0.00824967,0.00242703,0.00526865,0.00111881,-0.0112788,-0.0225953,0.0102689,-0.00231571,0.02202,0.0833928,4.98786e-05,-0.107324,0.00343137,-0.00545825,-1.5156e-05,0.161376,-0.0217945,0.000905299,-0.000141109,-0.0219117,-0.00486485,-0.0510213,0.0438549,-0.00603209,-0.0102385,-0.00203017,0.00695824,0.00862148,0.0179588,0.00616765,-0.00978714,-0.0166714,4.87428e-05,0.0221542,-0.00742616,-0.00757723,-0.0223355,-0.0115134,0.0148254,-0.0136855,-0.00498101,0.0322903,-0.0174838,-0.032724,0.00260828],[-0.0163217,1.96823e-05,-0.017528,-0.113685,0.0637031,0.0272604,1.0625e-05,-0.00207569,3.03069e-05,-0.020391,-0.011661,0.029972,0.00470023,0.00307303,-2.37461e-05,0.00974239,0.0310104,-0.0485126,1.29871e-05,-0.0189224,-0.01099,0.0343664,-0.045484,-0.00731788,-0.00925214,6.57393e-06,0.0620031,-0.0252313,0.41664,-0.0172449,0.0113512,0.0440391,-0.00358442,-0.0200265,-0.0114978,-0.0418255,-0.0529914,0.0314157,-0.0474907,0.00632953,0.0356934,-0.0402186,-0.00910337,0.0363506,-0.0114917,-5.91032e-05,-0.071071,0.034324,-0.0265295,0.00477877,-0.28142,-0.0211524,-0.0157005,-0.0412508,-0.0128051,-0.00360253,0.00493602,0.0125102,-0.00817778,-0.0729952,-0.023932,0.0864839,-0.0175302,-0.0524903,-0.0446188,-0.0537569,-0.023932,-5.97741e-05,0.0216759,0.00507987,-0.0335755,-0.0112972,0.0076689,-0.0108795,-0.0563683,-0.0386373,-0.00853522,-0.0291922,-0.0519969,0.0116558],[0.378097,-2.87446e-05,-0.0177285,0.0849349,-0.090961,-0.00425647,5.20303e-05,0.0568669,-0.000174317,-0.110413,0.0141182,0.123836,0.0460972,0.0448615,0.0045779,-0.154673,-0.0129642,0.744744,-1.49547e-05,-0.1449,-0.00990965,0.0718363,0.494862,-0.0148966,0.107613,-6.72866e-05,0.595365,-0.0069932,-0.0172449,1.27662,-0.0402337,0.342126,0.813095,-0.0342628,0.02512,0.412732,0.269595,0.0517708,0.463225,0.0048944,-0.106289,0.396486,0.00963776,0.0708401,0.230497,0.000116399,-0.52828,0.144292,-0.0116242,0.0374762,-0.61554,0.518465,-0.0407563,0.0259672,-0.452577,0.0528974,-1.02123,-0.0834839,0.0435051,0.0650138,-0.048108,0.119767,-0.0647442,0.47763,-0.0429113,0.225293,-0.0318906,5.21664e-05,0.553352,-0.0303738,0.0378202,0.0165969,0.000620492,0.158558,0.0397284,-0.143884,-0.144271,-0.0651241,-0.345346,0.0748942],[0.0378544,2.57266e-05,-0.00539812,-0.0232404,-0.00273318,-0.0074404,5.32938e-05,0.00011494,2.71455e-05,0.00896187,0.0131683,0.0225011,-0.00188021,-0.00165728,0.000231117,0.0147742,0.0209024,0.0150744,9.65867e-06,0.00600886,-0.006556,0.0503467,0.0124318,-0.0124891,0.0151174,-3.96686e-05,0.00277835,-0.00126647,0.0113512,-0.0402337,0.151467,-0.0488003,0.00892683,0.0237831,0.0126026,0.00429728,0.0149645,0.0113418,-0.0149275,0.0154019,-0.0219939,0.0125167,-0.00820518,0.0217355,0.0836315,4.40525e-06,0.0047996,0.0671591,-0.0141419,0.0212191,-0.409786,0.00929764,-0.0088178,-0.00677587,-0.0246243,0.00252346,-0.13445,0.0214171,0.00351934,0.00207692,-0.0191307,0.0714101,0.00905193,0.01754,-0.00567642,-0.257057,0.00913545,3.61299e-05,0.0359925,-0.0103237,0.00597762,-0.0451897,0.00838669,0.029717,0.0192888,-0.0144571,-0.0890016,0.0679184,0.00966186,0.0826931],[0.206393,-4.15423e-05,0.0154928,-0.0246933,-0.00090884,0.0132755,-1.81944e-05,-0.0546199,2.69037e-05,-0.0315778,0.0101739,0.200578,0.0158181,0.0205023,0.000732402,0.0348287,0.0717553,0.0507885,-2.53097e-05,-0.0322965,-0.0498591,-0.0344392,0.1343,0.0132209,0.0243495,4.21893e-05,0.148217,-0.0020704,0.0440391,0.342126,-0.0488003,0.308983,0.167088,-0.0217029,0.00102609,0.0730094,0.0945928,0.0443947,0.166963,-0.0410257,0.0376215,0.0149628,-0.0164031,0.0583589,-0.0714753,0.000577332,-0.252462,0.0154926,-0.0188851,0.00906206,-0.11556,0.0945268,-0.023328,-0.00707409,-0.070206,-0.0162753,-0.101991,0.00354723,0.0315438,-0.00406754,-0.0392806,0.085395,-0.0454653,0.0578758,0.0044632,0.202392,-0.0110092,-9.0225e-06,0.086167,-0.0243009,0.0187954,0.00625889,-0.0422824,0.103664,-0.0580343,0.0197417,0.0419009,-0.216226,-0.126046,0.00642978],[0.149466,1.82945e-05,-0.0227574,0.07979,-0.0903325,0.0157942,8.43658e-05,0.0331086,-0.000156731,-0.0958032,0.135444,0.0795464,0.0116251,0.00598351,0.0030522,-0.193747,0.0246637,0.556536,-3.50457e-06,-0.0967783,0.00791509,-0.0118513,0.364788,0.083316,0.0706979,-8.1118e-05,0.484267,0.0072762,-0.00358442,0.813095,0.00892683,0.167088,0.977426,-0.260781,0.0391837,0.29199,0.0401275,0.0678803,0.409974,0.0310162,-0.0697396,0.285358,-0.00769613,0.055471,0.307606,0.000170177,-0.305533,0.0698263,-0.0136482,0.0331046,-0.722138,0.41531,-0.0285098,0.0345782,-0.311637,0.0413811,-0.957207,0.185663,0.004137,-0.000988828,-0.0373935,0.129935,-0.110341,0.305096,-0.0411236,-0.0235534,-0.0231519,0.000171542,0.343469,-0.0292226,0.0770918,0.0722573,0.0220152,0.0863146,0.148111,-0.179965,0.0350467,0.243721,-0.134503,0.0631354],[0.118447,4.43671e-05,-0.0129258,-0.0280383,-0.0200169,-0.0115977,-2.43622e-05,0.0140604,9.44567e-06,0.0320667,-0.00311215,0.00990659,-0.00184555,-0.000680519,0.000129382,0.0705616,0.0055381,-0.0181625,1.46514e-05,0.0307035,-0.0263443,0.0568608,-0.0168057,-0.0754452,-0.0135327,-9.38498e-05,-0.0204591,-0.00362045,-0.0200265,-0.0342628,0.0237831,-0.0217029,-0.260781,0.281034,-0.00872236,0.0281364,0.111853,-0.00497605,-0.0502728,0.0305684,-0.0589359,0.0122922,0.000613833,0.0241711,0.0277143,6.66523e-05,0.0802368,0.00325753,-0.00857587,0.00878783,0.0406541,-0.00759936,-0.0117557,-0.00343263,-0.00532305,0.00625432,0.0367227,-0.181725,0.0171757,0.0440541,-0.00332315,0.00143755,0.0398822,0.0767899,0.00951654,-0.0719669,0.0273948,-0.000110596,0.0623537,0.00397819,-0.0218726,-0.0500867,-0.00819398,0.0345102,0.0322043,0.0697958,-0.0647885,-0.0723214,0.0703255,0.00230052],[0.0508479,2.28143e-05,-0.00174487,0.0132359,-0.00688329,0.0013598,3.23266e-05,-0.00531804,3.7933e-06,0.00608603,0.0103934,0.00350699,0.00019395,0.00041155,0.000172668,0.0296026,0.0321176,0.0165525,-1.29557e-06,0.00612663,-0.0110883,0.017896,0.0174346,-0.0170488,0.00364848,-1.20991e-05,0.017426,0.0030347,-0.0114978,0.02512,0.0126026,0.00102609,0.0391837,-0.00872236,0.0177589,0.0147715,0.0291775,0.0011993,0.0217208,0.000718803,-0.00824784,0.0129718,-0.00105846,-0.00081662,0.027607,-9.87846e-06,0.0138629,0.0227514,-0.00485429,0.00806837,-0.226702,0.0177936,-0.00631822,0.00405876,-0.0157393,0.00456746,-0.111131,0.0344701,-0.00193713,-0.00071683,-0.0087592,0.0283893,0.00275804,0.0321979,0.00211337,-0.0497758,0.00685444,1.78023e-05,0