# This file has automatically been generated
# biogeme 2.4 [Jeu 28 aoû 2014 16:02:53 CEST]
# <a href='http://people.epfl.ch/michel.bierlaire'>Michel Bierlaire</a>, <a href='http://transp-or.epfl.ch'>Transport and Mobility Laboratory</a>, <a href='http://www.epfl.ch'>Ecole Polytechnique F&eacute;d&eacute;rale de Lausanne (EPFL)</a>
# Mon Aug 31 17:00:31 2015</p>
#
ASC_KLE = Beta('ASC_KLE',-3.26051,-100,100,0,'ASC_KLE' )

BETA_DISTANCE_LUNCH_CAF = Beta('BETA_DISTANCE_LUNCH_CAF',-0.00689155,-100,100,0,'BETA_DISTANCE_LUNCH_CAF' )

BETA_DISTANCE_MORNING = Beta('BETA_DISTANCE_MORNING',-0.00556613,-100,100,0,'BETA_DISTANCE_MORNING' )

BETA_TAP_BEER_AFTER_LUNCH = Beta('BETA_TAP_BEER_AFTER_LUNCH',0.72204,-100,100,0,'BETA_TAP_BEER_AFTER_LUNCH' )

BETA_DISTANCE_AFTERNOON = Beta('BETA_DISTANCE_AFTERNOON',-0.000452818,-100,100,0,'BETA_DISTANCE_AFTERNOON' )

BETA_EVALUATION_CAFET = Beta('BETA_EVALUATION_CAFET',1.1818,-100,100,0,'BETA_EVALUATION_CAFET' )

BETA_NO_DISTANCE_AV = Beta('BETA_NO_DISTANCE_AV',-5.06767,-100,100,0,'BETA_NO_DISTANCE_AV' )

BETA_DINNER = Beta('BETA_DINNER',1.04322,-100,100,0,'BETA_DINNER' )

BETA_PRICE_STUDENT = Beta('BETA_PRICE_STUDENT',-0.244747,-100,100,0,'BETA_PRICE_STUDENT' )

BETA_PRICE_EMPLOYEE = Beta('BETA_PRICE_EMPLOYEE',-0.128359,-100,100,0,'BETA_PRICE_EMPLOYEE' )

BETA_METEO_TERRACE = Beta('BETA_METEO_TERRACE',0,-100,100,1,'BETA_METEO_TERRACE' )

BETA_CAPACITY_INSIDE = Beta('BETA_CAPACITY_INSIDE',0.00679564,-100,100,0,'BETA_CAPACITY_INSIDE' )

ASC_BC = Beta('ASC_BC',0.387432,-100,100,0,'ASC_BC' )

BETA_DISTANCE_LUNCH_SELF = Beta('BETA_DISTANCE_LUNCH_SELF',-0.0063772,-100,100,0,'BETA_DISTANCE_LUNCH_SELF' )

BETA_EVALUATION_SELF = Beta('BETA_EVALUATION_SELF',1.20649,-100,100,0,'BETA_EVALUATION_SELF' )

ASC_BM  = Beta('ASC_BM ',0.449827,-100,100,0,'ASC_BM ' )

BETA_DISTANCE_LUNCH_OTHER = Beta('BETA_DISTANCE_LUNCH_OTHER',-0.0018703,-100,100,0,'BETA_DISTANCE_LUNCH_OTHER' )

ASC_ELA  = Beta('ASC_ELA ',-0.82304,-100,100,0,'ASC_ELA ' )

ASC_INM  = Beta('ASC_INM ',-2.1851,-100,100,0,'ASC_INM ' )

ASC_MX  = Beta('ASC_MX ',-0.460637,-100,100,0,'ASC_MX ' )

ASC_PH  = Beta('ASC_PH ',1.28387,-100,100,0,'ASC_PH ' )

ASC_ARC = Beta('ASC_ARC',-0.738195,-100,100,0,'ASC_ARC' )

ASC_ATL  = Beta('ASC_ATL ',-0.142579,-100,100,0,'ASC_ATL ' )

ASC_COP = Beta('ASC_COP',2.82911,-100,100,0,'ASC_COP' )

BETA_DISTANCE_LUNCH_REST = Beta('BETA_DISTANCE_LUNCH_REST',-0.00137889,-100,100,0,'BETA_DISTANCE_LUNCH_REST' )

ASC_COR  = Beta('ASC_COR ',-0.277954,-100,100,0,'ASC_COR ' )

ASC_GIA  = Beta('ASC_GIA ',0.323084,-100,100,0,'ASC_GIA ' )

ASC_PAR  = Beta('ASC_PAR ',-0.845973,-100,100,0,'ASC_PAR ' )

ASC_VIN = Beta('ASC_VIN',-4.11085,-100,100,0,'ASC_VIN' )

ASC_ESP  = Beta('ASC_ESP ',0,-100,100,1,'ASC_ESP ' )

ASC_ORN  = Beta('ASC_ORN ',-0.631484,-100,100,0,'ASC_ORN ' )

ASC_PIZ  = Beta('ASC_PIZ ',-1.96935,-100,100,0,'ASC_PIZ ' )

BETA_EVALUATION_FAST_FOOD = Beta('BETA_EVALUATION_FAST_FOOD',1.69213,-100,100,0,'BETA_EVALUATION_FAST_FOOD' )

BETA_DISTANCE_LUNCH_FASTFOOD = Beta('BETA_DISTANCE_LUNCH_FASTFOOD',-0.00953316,-100,100,0,'BETA_DISTANCE_LUNCH_FASTFOOD' )

ASC_KEB  = Beta('ASC_KEB ',-2.73474,-100,100,0,'ASC_KEB ' )

ASC_SAT  = Beta('ASC_SAT ',-1.60363,-100,100,0,'ASC_SAT ' )

ASC_HOD  = Beta('ASC_HOD ',0.994852,-100,100,0,'ASC_HOD ' )

ASC_VAL  = Beta('ASC_VAL ',4.25435,-100,100,0,'ASC_VAL ' )


## Code for the sensitivity analysis
names = ['ASC_KLE','BETA_DISTANCE_LUNCH_CAF','BETA_DISTANCE_MORNING','BETA_TAP_BEER_AFTER_LUNCH','BETA_DISTANCE_AFTERNOON','BETA_EVALUATION_CAFET','BETA_NO_DISTANCE_AV','BETA_DINNER','BETA_PRICE_STUDENT','BETA_PRICE_EMPLOYEE','BETA_CAPACITY_INSIDE','ASC_BC','BETA_DISTANCE_LUNCH_SELF','BETA_EVALUATION_SELF','ASC_BM ','BETA_DISTANCE_LUNCH_OTHER','ASC_ELA ','ASC_INM ','ASC_MX ','ASC_PH ','ASC_ARC','ASC_ATL ','ASC_COP','BETA_DISTANCE_LUNCH_REST','ASC_COR ','ASC_GIA ','ASC_PAR ','ASC_VIN','ASC_ORN ','ASC_PIZ ','BETA_EVALUATION_FAST_FOOD','BETA_DISTANCE_LUNCH_FASTFOOD','ASC_KEB ','ASC_SAT ','ASC_HOD ','ASC_VAL ']
values = [[0.348648,1.05194e-05,-5.65706e-05,-0.01694,9.49237e-07,-0.0138881,0.0179489,0.0224372,0.00583858,0.0045893,0.000360635,0.0555032,1.82377e-05,-0.0103252,0.0629183,2.25776e-05,0.0825035,0.11987,0.0916787,0.0698124,0.0743136,0.03002,-0.0468231,5.0586e-05,0.000836572,0.0725543,-0.0316502,-0.00135393,-0.00349322,0.0334413,-0.000242574,7.98615e-06,0.0394331,0.0553499,0.00229946,-0.109633],[1.05194e-05,2.61839e-07,5.55979e-08,-6.36389e-06,-1.24183e-07,-5.78303e-06,4.31713e-05,1.08139e-05,-9.43028e-07,-1.96709e-06,1.4059e-08,2.26938e-06,1.05717e-07,-1.47689e-06,-5.12319e-06,6.41576e-08,3.27672e-06,-2.25828e-06,6.59517e-06,-4.56363e-06,6.47416e-06,6.23536e-06,4.36792e-05,2.77237e-08,7.06097e-08,-3.30463e-06,-2.60549e-06,-2.14014e-07,-3.40386e-07,-1.91556e-05,2.66993e-06,6.99792e-08,-1.76479e-05,-4.48374e-06,2.32391e-05,4.75297e-05],[-5.65706e-05,5.55979e-08,9.40102e-07,-4.56319e-06,-6.96486e-08,1.48589e-05,4.86391e-05,-1.02966e-06,-3.56927e-06,-2.44977e-06,-4.02606e-07,-6.52364e-05,-3.73125e-08,1.50537e-05,-5.43422e-05,6.88311e-08,-7.16018e-05,-0.000119193,-8.97579e-05,-6.73693e-05,-6.85883e-05,-3.79466e-05,3.28844e-05,-1.21727e-08,5.09807e-06,-7.17975e-05,4.45087e-05,9.17239e-06,8.76772e-06,0.000166172,-3.83205e-05,8.05652e-08,0.00016902,-3.38909e-05,-1.23104e-05,5.89321e-05],[-0.01694,-6.36389e-06,-4.56319e-06,0.0314355,-9.73239e-06,-0.000665975,-0.00625796,0.0109103,0.000845497,0.000631418,1.01937e-06,0.000905782,2.05787e-06,-0.000778624,0.00438593,3.52128e-06,0.00207946,0.00290753,0.00107646,0.00471904,-0.0186871,-0.000964378,-0.00290004,-1.29368e-05,-0.00134013,0.00178537,-0.00202616,-0.00220516,-0.00102728,0.000384288,-0.000749582,-6.93535e-07,0.000684934,-0.0107159,-0.00745766,-0.00500724],[9.49237e-07,-1.24183e-07,-6.96486e-08,-9.73239e-06,3.51484e-07,6.15409e-06,-2.9449e-05,-2.15912e-05,-2.18676e-06,-7.02332e-07,-2.89072e-08,-1.233e-05,-1.06203e-07,3.95058e-06,-5.53442e-06,-1.14463e-07,-1.6764e-05,-2.53228e-05,-2.40807e-05,-9.44364e-06,-1.39262e-05,-1.99635e-06,-3.60045e-06,-3.5179e-08,-2.34314e-07,-1.45627e-05,5.87756e-06,1.74926e-06,5.74157e-08,4.57195e-05,-6.75606e-06,2.24327e-08,3.94766e-05,-1.36563e-05,-2.63483e-06,1.24205e-05],[-0.0138881,-5.78303e-06,1.48589e-05,-0.000665975,6.15409e-06,0.00927108,-0.00446763,-0.0043951,-0.00415143,-0.00295794,-0.000110224,-0.0180569,-3.89155e-06,0.0101251,-0.018647,1.69469e-05,-0.0220076,-0.0326462,-0.0228123,-0.0197372,-0.00714523,-0.00733896,0.0173984,4.40115e-05,0.000508419,-0.0151495,0.00976267,0.000491757,-0.00100914,-0.00144394,0.00508811,-1.62183e-06,-0.00499955,-0.0109648,0.0130986,0.0341237],[0.0179489,4.31713e-05,4.86391e-05,-0.00625796,-2.9449e-05,-0.00446763,0.159179,-0.00024066,-0.00010999,-0.000972893,5.39409e-05,0.00646293,3.37777e-05,-0.00352164,-0.00410743,4.19163e-06,0.0102868,0.0104146,0.0161391,0.00453926,0.0138908,0.00695802,0.0168858,1.35109e-05,-0.00356387,0.00789669,-0.00347391,-0.00220113,-0.00287264,-0.00223714,-0.00133953,4.86305e-05,-0.000483897,0.00629201,0.00707508,0.025637],[0.0224372,1.08139e-05,-1.02966e-06,0.0109103,-2.15912e-05,-0.0043951,-0.00024066,0.0973766,0.00233786,0.00249376,0.000127124,0.0210956,8.09865e-06,-0.00431966,0.0314397,1.44953e-05,0.0248281,0.0365992,0.0271928,0.0322661,0.012183,0.0107198,-0.0142624,-2.38365e-06,0.00054714,0.0222597,-0.0125398,-0.000669211,-0.000529996,0.000677364,0.0013712,6.92656e-06,0.00351991,0.0129798,-0.0024611,-0.0380457],[0.00583858,-9.43028e-07,-3.56927e-06,0.000845497,-2.18676e-06,-0.00415143,-0.00010999,0.00233786,0.00489734,0.00345435,2.98902e-05,0.00571963,5.20346e-07,-0.00487996,0.015903,1.48554e-05,0.0105788,0.014822,0.0059724,0.0162947,-0.00606342,-0.0035474,-0.0532015,-2.62528e-06,-0.000158696,0.00689206,-0.00250053,0.000287826,0.000869466,0.00366989,-0.00425688,-4.02853e-07,0.00759398,0.00938899,-0.0236899,-0.0770568],[0.0045893,-1.96709e-06,-2.44977e-06,0.000631418,-7.02332e-07,-0.00295794,-0.000972893,0.00249376,0.00345435,0.00323894,2.1725e-05,0.00404437,-1.02958e-06,-0.00341929,0.0141643,1.07679e-05,0.00907102,0.012502,0.0045799,0.0140854,-0.00476227,-0.00339259,-0.0546574,1.8344e-05,-0.000140587,0.00617574,-0.0018543,0.000221214,0.000747794,0.00368766,-0.00318575,-9.46951e-07,0.00700119,0.008391,-0.020592,-0.0869554],[0.000360635,1.4059e-08,-4.02606e-07,1.01937e-06,-2.89072e-08,-0.000110224,5.39409e-05,0.000127124,2.98902e-05,2.1725e-05,6.73234e-06,0.000988997,2.3799e-08,-0.000252902,0.000348442,-5.39845e-08,0.000311298,0.000885128,0.000599615,0.00045006,0.000386283,0.000688722,5.53184e-05,-2.14138e-07,-2.00887e-05,0.000289808,-0.00061801,-7.54789e-05,-6.73427e-05,0.000130444,3.81521e-05,-2.24257e-08,0.00016747,-0.000386526,0.000451715,-0.000125276],[0.0555032,2.26938e-06,-6.52364e-05,0.000905782,-1.233e-05,-0.0180569,0.00646293,0.0210956,0.00571963,0.00404437,0.000988997,0.159412,1.23842e-05,-0.039501,0.0573011,-1.00849e-05,0.0513972,0.137385,0.0929497,0.072132,0.0574178,0.102627,0.00485536,-4.46027e-05,-1.48913e-05,0.0459163,-0.0886436,-0.00797647,-0.0058024,0.0185961,0.0043768,-3.54192e-06,0.0242715,-0.051677,0.0621257,-0.0262171],[1.82377e-05,1.05717e-07,-3.73125e-08,2.05787e-06,-1.06203e-07,-3.89155e-06,3.37777e-05,8.09865e-06,5.20346e-07,-1.02958e-06,2.3799e-08,1.23842e-05,1.70307e-07,-3.52852e-06,7.19036e-06,5.83908e-08,1.49378e-05,1.66276e-05,1.7309e-05,9.60518e-06,1.48244e-05,3.99753e-06,3.62464e-05,2.06711e-08,-8.67342e-07,1.20658e-05,-8.32348e-06,-5.88512e-06,-1.69087e-06,-2.15872e-05,3.89775e-06,5.79207e-08,-2.09034e-05,1.17027e-05,1.37464e-05,3.20006e-05],[-0.0103252,-1.47689e-06,1.50537e-05,-0.000778624,3.95058e-06,0.0101251,-0.00352164,-0.00431966,-0.00487996,-0.00341929,-0.000252902,-0.039501,-3.52852e-06,0.0170091,-0.0198007,1.87164e-05,-0.0148894,-0.0365189,-0.02161,-0.0230193,-0.00322671,-0.0225326,0.0189184,5.54117e-05,0.000611552,-0.00901966,0.0224513,0.00163384,-0.00054966,-0.00132168,0.00498205,-6.85207e-07,-0.00554732,0.010811,0.00402623,0.0358877],[0.0629183,-5.12319e-06,-5.43422e-05,0.00438593,-5.53442e-06,-0.018647,-0.00410743,0.0314397,0.015903,0.0141643,0.000348442,0.0573011,7.19036e-06,-0.0198007,0.121711,-2.91168e-06,0.0820153,0.120047,0.0749918,0.104808,0.0249315,0.0127455,-0.201232,3.87168e-05,0.000256504,0.0680067,-0.0311309,-0.00137343,7.92801e-05,0.0457042,-0.0127212,-4.11487e-06,0.0611138,0.0518928,-0.0653232,-0.333782],[2.25776e-05,6.41576e-08,6.88311e-08,3.52128e-06,-1.14463e-07,1.69469e-05,4.19163e-06,1.44953e-05,1.48554e-05,1.07679e-05,-5.39845e-08,-1.00849e-05,5.83908e-08,1.87164e-05,-2.91168e-06,7.20801e-07,1.00503e-05,1.76809e-05,-1.55493e-05,-2.0023e-05,-3.51672e-05,-3.63182e-05,-0.00028804,4.14564e-07,1.29472e-06,1.78255e-05,2.80651e-06,-7.41972e-07,-7.39955e-06,-2.86953e-05,1.97993e-05,2.1428e-08,-1.51904e-05,3.21426e-05,-7.36774e-05,-0.000411973],[0.0825035,3.27672e-06,-7.16018e-05,0.00207946,-1.6764e-05,-0.0220076,0.0102868,0.0248281,0.0105788,0.00907102,0.000311298,0.0513972,1.49378e-05,-0.0148894,0.0820153,1.00503e-05,0.115321,0.143572,0.107886,0.0858186,0.0630443,0.0177415,-0.0984828,1.44619e-05,0.000366107,0.0891843,-0.0280078,-0.00175993,-0.000754032,0.0269274,-0.00573819,-4.48869e-07,0.037222,0.077468,-0.0325061,-0.189266],[0.11987,-2.25828e-06,-0.000119193,0.00290753,-2.53228e-05,-0.0326462,0.0104146,0.0365992,0.014822,0.012502,0.000885128,0.137385,1.66276e-05,-0.0365189,0.120047,1.76809e-05,0.143572,0.303479,0.165992,0.131099,0.0990014,0.0730201,-0.148227,6.68837e-05,-0.00172418,0.122312,-0.0810275,-0.00841718,-0.00676581,0.0369432,-0.00266485,-1.32801e-06,0.0520174,0.0553597,-0.0054328,-0.288922],[0.0916787,6.59517e-06,-8.97579e-05,0.00107646,-2.40807e-05,-0.0228123,0.0161391,0.0271928,0.0059724,0.0045799,0.000599615,0.0929497,1.7309e-05,-0.02161,0.0749918,-1.55493e-05,0.107886,0.165992,0.142799,0.0835215,0.0913277,0.0568958,9.29004e-05,-2.81018e-05,-0.000261967,0.0933142,-0.0546665,-0.00543355,-0.00480633,0.0228866,0.00214167,-5.19619e-06,0.0292606,0.0455869,0.0241803,-0.0461569],[0.0698124,-4.56363e-06,-6.73693e-05,0.00471904,-9.44364e-06,-0.0197372,0.00453926,0.0322661,0.0162947,0.0140854,0.00045006,0.072132,9.60518e-06,-0.0230193,0.104808,-2.0023e-05,0.0858186,0.131099,0.0835215,0.136012,0.034346,0.0236434,-0.16909,6.09608e-06,-0.000319732,0.072046,-0.0404673,-0.00233591,-0.00152264,0.0513104,-0.0123423,-4.82451e-06,0.0672775,0.0455549,-0.0565807,-0.301706],[0.0743136,6.47416e-06,-6.85883e-05,-0.0186871,-1.39262e-05,-0.00714523,0.0138908,0.012183,-0.00606342,-0.00476227,0.000386283,0.0574178,1.48244e-05,-0.00322671,0.0249315,-3.51672e-05,0.0630443,0.0990014,0.0913277,0.034346,0.126234,0.0512237,0.12773,-2.25739e-05,0.000490165,0.0616781,-0.0352807,-0.00395473,-0.00666789,0.0162778,0.0116864,-2.88247e-06,0.0126619,0.028847,0.0760645,0.158854],[0.03002,6.23536e-06,-3.79466e-05,-0.000964378,-1.99635e-06,-0.00733896,0.00695802,0.0107198,-0.0035474,-0.00339259,0.000688722,0.102627,3.99753e-06,-0.0225326,0.0127455,-3.63182e-05,0.0177415,0.0730201,0.0568958,0.0236434,0.0512237,0.0917282,0.109097,-6.11185e-05,0.0014365,0.020131,-0.060461,-0.00481027,-0.00463116,0.00796707,0.00904267,7.24289e-07,0.00629189,-0.0567937,0.090109,0.145003],[-0.0468231,4.36792e-05,3.28844e-05,-0.00290004,-3.60045e-06,0.0173984,0.0168858,-0.0142624,-0.0532015,-0.0546574,5.53184e-05,0.00485536,3.62464e-05,0.0189184,-0.201232,-0.00028804,-0.0984828,-0.148227,9.29006e-05,-0.16909,0.12773,0.109097,1.92704,-0.00218719,0.00503305,-0.069667,-0.00442243,-0.00184683,-0.00563521,-0.0158258,0.0274371,2.11409e-05,-0.0667121,-0.142661,0.374852,2.56288],[5.0586e-05,2.77237e-08,-1.21727e-08,-1.29368e-05,-3.5179e-08,4.40115e-05,1.35109e-05,-2.38365e-06,-2.62528e-06,1.8344e-05,-2.14138e-07,-4.46027e-05,2.06711e-08,5.54117e-05,3.87168e-05,4.14564e-07,1.44619e-05,6.68837e-05,-2.81018e-05,6.09608e-06,-2.25739e-05,-6.11185e-05,-0.00218719,4.85368e-06,-1.7696e-06,3.90161e-05,1.48345e-05,-7.26982e-06,-1.45274e-05,-3.13433e-05,4.83291e-05,8.73951e-09,-2.47006e-05,6.77995e-05,-6.24301e-05,-0.00291468],[0.000836572,7.06097e-08,5.09807e-06,-0.00134013,-2.34314e-07,0.000508419,-0.00356387,0.00054714,-0.000158696,-0.000140587,-2.00887e-05,-1.48913e-05,-8.67342e-07,0.000611552,0.000256504,1.29472e-06,0.000366107,-0.00172418,-0.000261967,-0.000319732,0.000490165,0.0014365,0.00503305,-1.7696e-06,0.0184249,0.000357697,0.00556658,0.00448162,0.00454644,0.00142741,2.86724e-05,-3.2607e-06,0.00185098,0.0027146,0.00306732,0.0075858],[0.0725543,-3.30463e-06,-7.17975e-05,0.00178537,-1.45627e-05,-0.0151495,0.00789669,0.0222597,0.00689206,0.00617574,0.000289808,0.0459163,1.20658e-05,-0.00901966,0.0680067,1.78255e-05,0.0891843,0.122312,0.0933142,0.072046,0.0616781,0.020131,-0.069667,3.90161e-05,0.000357697,0.0837114,-0.0264911,-0.0025666,-0.00282955,0.0241748,-0.000494785,-3.67813e-06,0.031547,0.0618859,-0.0136638,-0.14074],[-0.0316502,-2.60549e-06,4.45087e-05,-0.00202616,5.87756e-06,0.00976267,-0.00347391,-0.0125398,-0.00250053,-0.0018543,-0.00061801,-0.0886436,-8.32348e-06,0.0224513,-0.0311309,2.80651e-06,-0.0280078,-0.0810275,-0.0546665,-0.0404673,-0.0352807,-0.060461,-0.00442243,1.48345e-05,0.00556658,-0.0264911,0.0688205,0.0118437,0.0100959,-0.0094476,-0.00425572,-5.86224e-07,-0.012327,0.037163,-0.0387589,0.0133346],[-0.00135393,-2.14014e-07,9.17238e-06,-0.00220516,1.74926e-06,0.000491757,-0.00220113,-0.000669211,0.000287826,0.000221214,-7.54789e-05,-0.00797647,-5.88512e-06,0.00163384,-0.00137343,-7.41972e-07,-0.00175993,-0.00841718,-0.00543355,-0.00233591,-0.00395473,-0.00481027,-0.00184683,-7.26983e-06,0.00448162,-0.0025666,0.0118437,0.506739,0.00549127,0.000487795,-0.00133178,-6.7451e-06,0.00080063,0.00727376,-0.00164001,-0.000115697],[-0.00349322,-3.40386e-07,8.76772e-06,-0.00102728,5.74157e-08,-0.00100914,-0.00287264,-0.000529996,0.000869466,0.000747794,-6.73427e-05,-0.0058024,-1.69087e-06,-0.00054966,7.92801e-05,-7.39955e-06,-0.000754032,-0.00676581,-0.00480633,-0.00152264,-0.00666789,-0.00463116,-0.00563521,-1.45274e-05,0.00454644,-0.00282955,0.0100959,0.00549127,0.0172289,-0.000709223,-0.00270933,-2.43869e-06,0.00011131,0.00629566,-0.00803502,-0.00819082],[0.0334413,-1.91556e-05,0.000166172,0.000384288,4.57195e-05,-0.00144394,-0.00223714,0.000677364,0.00366989,0.00368766,0.000130444,0.0185961,-2.15872e-05,-0.00132168,0.0457042,-2.86953e-05,0.0269274,0.0369432,0.0228866,0.0513104,0.0162778,0.00796707,-0.0158258,-3.13433e-05,0.00142741,0.0241748,-0.0094476,0.000487795,-0.000709223,0.335863,-0.0630081,1.23235e-05,0.340103,0.0143695,-0.0112201,-0.0459388],[-0.000242574,2.66993e-06,-3.83205e-05,-0.000749582,-6.75606e-06,0.00508811,-0.00133953,0.0013712,-0.00425688,-0.00318575,3.81521e-05,0.0043768,3.89775e-06,0.00498205,-0.0127212,1.97993e-05,-0.00573819,-0.00266485,0.00214167,-0.0123423,0.0116864,0.00904267,0.0274371,4.83291e-05,2.86724e-05,-0.000494785,-0.00425572,-0.00133178,-0.00270933,-0.0630081,0.0205218,-2.42113e-05,-0.0692347,-0.0106213,0.0284433,0.0428795],[7.98615e-06,6.99792e-08,8.05652e-08,-6.93535e-07,2.24327e-08,-1.62183e-06,4.86305e-05,6.92656e-06,-4.02853e-07,-9.46951e-07,-2.24257e-08,-3.54192e-06,5.79207e-08,-6.85207e-07,-4.11487e-06,2.1428e-08,-4.48869e-07,-1.32801e-06,-5.19619e-06,-4.82451e-06,-2.88247e-06,7.24289e-07,2.11409e-05,8.73951e-09,-3.2607e-06,-3.67813e-06,-5.86224e-07,-6.7451e-06,-2.43869e-06,1.23235e-05,-2.42113e-05,9.96607e-07,-1.76354e-05,9.32594e-07,8.97118e-06,2.0518e-05],[0.0394331,-1.76479e-05,0.00016902,0.000684934,3.94766e-05,-0.00499955,-0.000483897,0.00351991,0.00759398,0.00700119,0.00016747,0.0242715,-2.09034e-05,-0.00554732,0.0611138,-1.51904e-05,0.037222,0.0520174,0.0292606,0.0672775,0.0126619,0.00629189,-0.0667121,-2.47006e-05,0.00185098,0.031547,-0.012327,0.00080063,0.00011131,0.340103,-0.0692347,-1.76354e-05,0.382836,0.023041,-0.031468,-0.125166],[0.0553499,-4.48374e-06,-3.38909e-05,-0.0107159,-1.36563e-05,-0.0109648,0.00629201,0.0129798,0.00938899,0.008391,-0.000386526,-0.051677,1.17027e-05,0.010811,0.0518928,3.21426e-05,0.077468,0.0553597,0.0455869,0.0455549,0.028847,-0.0567937,-0.142661,6.77995e-05,0.0027146,0.0618859,0.037163,0.00727376,0.00629566,0.0143695,-0.0106213,9.32594e-07,0.023041,0.136788,-0.0891656,-0.234224],[0.00229946,2.32391e-05,-1.23104e-05,-0.00745766,-2.63483e-06,0.0130986,0.00707508,-0.0024611,-0.0236899,-0.020592,0.000451715,0.0621257,1.37464e-05,0.00402623,-0.0653232,-7.36774e-05,-0.0325061,-0.0054328,0.0241803,-0.0565807,0.0760645,0.090109,0.374852,-6.24301e-05,0.00306732,-0.0136638,-0.0387589,-0.00164001,-0.00803502,-0.0112201,0.0284433,8.97118e-06,-0.031468,-0.0891656,0.231083,0.539375],[-0.109633,4.75297e-05,5.89321e-05,-0.00500724,1.24205e-05,0.0341237,0.025637,-0.0380457,-0.0770568,-0.0869554,-0.000125276,-0.0262171,3.20006e-05,0.0358877,-0.333782,-0.000411973,-0.189266,-0.288922,-0.0461569,-0.301706,0.158854,0.145003,2.56288,-0.00291468,0.0075858,-0.14074,0.0133346,-0.000115698,-0.00819082,-0.0459388,0.0428795,2.0518e-05,-0.125166,-0.234224,0.539375,4.0953]]
vc = Matrix(36,names,values)
BIOGEME_OBJECT.VARCOVAR = vc
